  0.00000E+00  1.35315E-02  0.00000E+00
  2.63548E-01  4.46558E-02  7.44913E-03
  5.27095E-01  1.35484E-01  1.99191E-02
  7.90643E-01  3.08420E-01  2.94086E-02
  1.05419E+00  5.56507E-01  3.85132E-02
  1.31774E+00  8.35941E-01  4.93651E-02
  1.58129E+00  1.10520E+00  6.27146E-02
  1.84483E+00  1.36878E+00  8.21277E-02
  2.10838E+00  1.66219E+00  1.03722E-01
  2.37193E+00  1.96877E+00  1.27585E-01
  2.63548E+00  2.33124E+00  1.48175E-01
  2.89902E+00  2.75245E+00  1.72630E-01
  3.16257E+00  3.23877E+00  2.04727E-01
  3.42612E+00  3.82495E+00  2.35595E-01
  3.68967E+00  4.39088E+00  2.74881E-01
  3.95321E+00  4.95636E+00  3.09875E-01
  4.21676E+00  5.53278E+00  3.48431E-01
  4.48031E+00  6.33674E+00  3.93481E-01
  4.74386E+00  7.32468E+00  4.41682E-01
  5.00740E+00  8.35391E+00  4.96077E-01
  5.27095E+00  9.44018E+00  5.43555E-01
  5.53450E+00  1.04848E+01  5.99159E-01
  5.79805E+00  1.17336E+01  6.55973E-01
  6.06160E+00  1.29429E+01  7.19637E-01
  6.32514E+00  1.41923E+01  7.99367E-01
  6.58869E+00  1.57297E+01  8.68198E-01
  6.85224E+00  1.74363E+01  9.32204E-01
  7.11579E+00  1.92678E+01  1.01368E+00
  7.37933E+00  2.06730E+01  1.08610E+00
  7.64288E+00  2.17991E+01  1.16953E+00
  7.90643E+00  2.30990E+01  1.26069E+00
  8.16998E+00  2.42923E+01  1.32873E+00
  8.43352E+00  2.54771E+01  1.39686E+00
  8.69707E+00  2.73300E+01  1.46808E+00
  8.96062E+00  3.01037E+01  1.58571E+00
  9.22417E+00  3.35346E+01  1.71368E+00
  9.48771E+00  3.64482E+01  1.81373E+00
  9.75126E+00  3.92294E+01  1.94170E+00
  1.00148E+01  4.25819E+01  2.08246E+00
  1.02784E+01  4.65228E+01  2.20853E+00
  1.05419E+01  5.05890E+01  2.32587E+00
  1.08055E+01  5.41346E+01  2.43827E+00
  1.10690E+01  5.70309E+01  2.56349E+00
  1.13325E+01  6.02902E+01  2.70802E+00
  1.15961E+01  6.49847E+01  2.90758E+00
  1.18596E+01  6.86350E+01  3.06563E+00
  1.21232E+01  6.99985E+01  3.10260E+00
  1.23867E+01  7.07030E+01  3.17469E+00
  1.26503E+01  7.30343E+01  3.35781E+00
  1.29138E+01  7.60754E+01  3.50216E+00
  1.31774E+01  7.72012E+01  3.58232E+00
  1.34409E+01  7.60476E+01  3.67560E+00
  1.37045E+01  7.32444E+01  3.66421E+00
  1.39680E+01  7.10872E+01  3.59713E+00
  1.42316E+01  7.07753E+01  3.70185E+00
  1.44951E+01  7.26483E+01  3.79416E+00
  1.47587E+01  7.57071E+01  3.88054E+00
  1.50222E+01  7.90816E+01  4.05940E+00
  1.52858E+01  8.24046E+01  4.24227E+00
  1.55493E+01  8.64092E+01  4.37209E+00
  1.58129E+01  9.30919E+01  4.55653E+00
  1.60764E+01  1.00767E+02  4.85706E+00
  1.63400E+01  1.07703E+02  5.13423E+00
  1.66035E+01  1.12286E+02  5.34424E+00
  1.68670E+01  1.18407E+02  5.45583E+00
  1.71306E+01  1.26836E+02  5.68639E+00
  1.73941E+01  1.33861E+02  5.88549E+00
  1.76577E+01  1.35909E+02  6.05425E+00
  1.79212E+01  1.32265E+02  6.11610E+00
  1.81848E+01  1.24867E+02  5.95042E+00
  1.84483E+01  1.18066E+02  5.82466E+00
  1.87119E+01  1.14174E+02  5.82344E+00
  1.89754E+01  1.12779E+02  5.91673E+00
  1.92390E+01  1.12338E+02  5.98695E+00
  1.95025E+01  1.12607E+02  6.03902E+00
  1.97661E+01  1.13873E+02  6.12814E+00
  2.00296E+01  1.12772E+02  6.14775E+00
  2.02932E+01  1.09612E+02  6.07732E+00
  2.05567E+01  1.06226E+02  6.10904E+00
  2.08203E+01  1.04172E+02  6.20329E+00
  2.10838E+01  1.01396E+02  6.22011E+00
  2.13474E+01  9.61571E+01  6.13958E+00
  2.16109E+01  9.03016E+01  6.03524E+00
  2.18745E+01  8.51683E+01  5.88187E+00
  2.21380E+01  8.11262E+01  5.95572E+00
  2.24015E+01  8.10456E+01  6.07626E+00
  2.26651E+01  8.69081E+01  6.30673E+00
  2.29286E+01  9.75486E+01  6.73234E+00
  2.31922E+01  1.06507E+02  6.98527E+00
  2.34557E+01  1.11511E+02  7.24932E+00
  2.37193E+01  1.16164E+02  7.41769E+00
  2.39828E+01  1.20209E+02  7.49838E+00
  2.42464E+01  1.22606E+02  7.63874E+00
  2.45099E+01  1.18747E+02  7.70992E+00
  2.47735E+01  1.11612E+02  7.49902E+00
  2.50370E+01  1.06103E+02  7.30026E+00
  2.53006E+01  1.01768E+02  7.42306E+00
  2.55641E+01  1.01226E+02  7.43736E+00
  2.58277E+01  1.01865E+02  7.51388E+00
  2.60912E+01  1.06717E+02  7.74764E+00
  2.63548E+01  1.15061E+02  7.99269E+00
  2.66183E+01  1.21789E+02  8.24952E+00
  2.68819E+01  1.25367E+02  8.46536E+00
  2.71454E+01  1.25185E+02  8.64870E+00
  2.74090E+01  1.27660E+02  8.73495E+00
  2.76725E+01  1.34479E+02  9.14027E+00
  2.79360E+01  1.41399E+02  9.47538E+00
  2.81996E+01  1.41312E+02  9.52713E+00
  2.84631E+01  1.39114E+02  9.42080E+00
  2.87267E+01  1.36040E+02  9.34921E+00
  2.89902E+01  1.27961E+02  9.15643E+00
  2.92538E+01  1.11542E+02  8.61737E+00
  2.95173E+01  9.09645E+01  8.14093E+00
  2.97809E+01  7.43225E+01  7.76572E+00
  3.00444E+01  6.11688E+01  7.28205E+00
  3.03080E+01  5.28407E+01  6.61904E+00
  3.05715E+01  4.87672E+01  6.58984E+00
  3.08351E+01  4.73159E+01  6.67810E+00
  3.10986E+01  4.41872E+01  6.54200E+00
  3.13622E+01  3.97495E+01  6.52635E+00
  3.16257E+01  3.73750E+01  6.54447E+00
  3.18893E+01  3.65765E+01  6.57384E+00
  3.21528E+01  3.64757E+01  6.57487E+00
  3.24164E+01  3.80480E+01  6.48781E+00
  3.26799E+01  3.97616E+01  6.62090E+00
  3.29435E+01  4.14505E+01  6.79208E+00
  3.32070E+01  4.14678E+01  6.82775E+00
  3.34705E+01  4.29110E+01  6.86291E+00
  3.37341E+01  4.34255E+01  7.01826E+00
  3.39976E+01  3.90028E+01  6.93388E+00
  3.42612E+01  3.81209E+01  6.71878E+00
  3.45247E+01  3.95454E+01  7.15021E+00
  3.47883E+01  4.14717E+01  7.14184E+00
  3.50518E+01  4.01802E+01  6.96296E+00
  3.53154E+01  3.89083E+01  7.03179E+00
  3.55789E+01  4.20772E+01  7.04442E+00
  3.58425E+01  4.32662E+01  7.21679E+00
  3.61060E+01  4.43342E+01  7.27424E+00
  3.63696E+01  4.35560E+01  7.44483E+00
  3.66331E+01  4.33207E+01  7.30180E+00
  3.68967E+01  4.37022E+01  7.44500E+00
  3.71602E+01  4.50872E+01  7.78256E+00
  3.74238E+01  5.20133E+01  7.98116E+00
  3.76873E+01  5.90453E+01  8.47521E+00
  3.79509E+01  6.32234E+01  8.60695E+00
  3.82144E+01  6.11696E+01  8.44260E+00
  3.84780E+01  5.56305E+01  8.48515E+00
  3.87415E+01  5.42219E+01  8.53807E+00
  3.90050E+01  5.39160E+01  8.58917E+00
  3.92686E+01  5.51091E+01  8.59464E+00
  3.95321E+01  5.45186E+01  8.69488E+00
  3.97957E+01  5.39312E+01  8.59688E+00
  4.00592E+01  5.41635E+01  8.70141E+00
  4.03228E+01  5.40157E+01  8.71091E+00
  4.05863E+01  5.17382E+01  8.51581E+00
  4.08499E+01  4.85202E+01  8.31025E+00
  4.11134E+01  4.65241E+01  8.17172E+00
  4.13770E+01  4.46616E+01  8.27383E+00
  4.16405E+01  4.25377E+01  8.25441E+00
  4.19041E+01  4.08808E+01  7.98156E+00
  4.21676E+01  4.20184E+01  8.02835E+00
  4.24312E+01  4.50235E+01  8.36292E+00
  4.26947E+01  4.84810E+01  8.63540E+00
  4.29583E+01  4.87138E+01  8.97532E+00
  4.32218E+01  4.81336E+01  8.67577E+00
  4.34854E+01  4.64319E+01  8.55786E+00
  4.37489E+01  4.62706E+01  8.57322E+00
  4.40125E+01  4.82125E+01  8.59972E+00
  4.42760E+01  4.83729E+01  8.80173E+00
  4.45395E+01  4.48857E+01  8.37508E+00
  4.48031E+01  3.88213E+01  7.90559E+00
  4.50666E+01  3.34647E+01  7.81202E+00
  4.53302E+01  3.01112E+01  7.61284E+00
  4.55937E+01  2.69382E+01  7.26072E+00
  4.58573E+01  2.55105E+01  7.22146E+00
  4.61208E+01  2.53589E+01  7.33864E+00
  4.63844E+01  2.52149E+01  7.21297E+00
  4.66479E+01  2.40460E+01  7.18429E+00
  4.69115E+01  2.31295E+01  7.11224E+00
  4.71750E+01  2.00657E+01  6.96288E+00
  4.74386E+01  1.62661E+01  6.50036E+00
  4.77021E+01  1.35460E+01  6.22484E+00
  4.79657E+01  1.30630E+01  6.32856E+00
  4.82292E+01  1.51721E+01  6.36815E+00
  4.84928E+01  1.72168E+01  6.69468E+00
  4.87563E+01  1.87914E+01  6.82994E+00
  4.90199E+01  1.72687E+01  6.70979E+00
  4.92834E+01  1.53023E+01  6.37809E+00
  4.95470E+01  1.32081E+01  6.32710E+00
  4.98105E+01  1.12466E+01  6.17023E+00
  5.00740E+01  9.34321E+00  5.81926E+00
  5.03376E+01  8.75602E+00  5.80308E+00
  5.06011E+01  9.00168E+00  6.00489E+00
  5.08647E+01  8.28142E+00  5.83240E+00
  5.11282E+01  6.19977E+00  5.59955E+00
  5.13918E+01  3.49884E+00  5.36225E+00
  5.16553E+01  2.25401E+00  5.01899E+00
  5.19189E+01  1.10963E+00  5.12844E+00
  5.21824E+01  2.20970E+00  5.02836E+00
  5.24460E+01  1.76248E+00  5.28184E+00
  5.27095E+01  1.55628E+00  5.00725E+00
  5.29731E+01  2.84538E+00  4.97723E+00
  5.32366E+01  5.16194E+00  5.67703E+00
  5.35002E+01  7.19122E+00  5.75781E+00
  5.37637E+01  4.78664E+00  5.54263E+00
  5.40273E+01  2.29530E+00  4.92853E+00
  5.42908E+01  1.32946E+00  4.90937E+00
  5.45544E+01  1.53956E+00  5.15707E+00
  5.48179E+01  2.23252E+00  4.97825E+00
  5.50815E+01  2.85466E+00  5.12817E+00
  5.53450E+01  4.07857E+00  5.40761E+00
  5.56085E+01  5.09152E+00  5.41133E+00
  5.58721E+01  5.49911E+00  5.47565E+00
  5.61356E+01  5.10546E+00  5.55699E+00
  5.63992E+01  6.21114E+00  5.30036E+00
  5.66627E+01  8.32082E+00  5.83413E+00
  5.69263E+01  1.01074E+01  6.20657E+00
  5.71898E+01  9.44249E+00  5.83812E+00
  5.74534E+01  7.33767E+00  5.58934E+00
  5.77169E+01  7.04492E+00  5.49576E+00
  5.79805E+01  7.55472E+00  5.65848E+00
  5.82440E+01  7.50117E+00  5.64181E+00
  5.85076E+01  6.93194E+00  5.41541E+00
  5.87711E+01  7.01043E+00  5.39812E+00
  5.90347E+01  6.18991E+00  5.56994E+00
  5.92982E+01  5.04565E+00  5.04357E+00
  5.95618E+01  5.05375E+00  4.90869E+00
  5.98253E+01  5.89615E+00  5.53453E+00
  6.00889E+01  5.61525E+00  5.26695E+00
  6.03524E+01  4.03430E+00  4.74888E+00
  6.06160E+01  4.15669E+00  4.94705E+00
  6.08795E+01  5.62480E+00  5.28973E+00
  6.11430E+01  6.20708E+00  5.26879E+00
  6.14066E+01  6.41908E+00  5.18678E+00
  6.16701E+01  6.72517E+00  5.37470E+00
  6.19337E+01  6.51663E+00  5.34485E+00
  6.21972E+01  5.13921E+00  5.03799E+00
  6.24608E+01  4.19663E+00  4.77565E+00
  6.27243E+01  4.83429E+00  4.92785E+00
  6.29879E+01  5.70991E+00  5.22879E+00
  6.32514E+01  5.93536E+00  5.08900E+00
  6.35150E+01  5.08416E+00  4.98277E+00
  6.37785E+01  4.35617E+00  4.84069E+00
  6.40421E+01  4.23685E+00  4.72734E+00
  6.43056E+01  4.88815E+00  4.89469E+00
  6.45692E+01  5.98371E+00  5.09714E+00
  6.48327E+01  6.88748E+00  5.19279E+00
  6.50963E+01  8.72468E+00  5.32451E+00
  6.53598E+01  9.63464E+00  5.82330E+00
  6.56234E+01  8.87581E+00  5.52971E+00
  6.58869E+01  6.24132E+00  4.90778E+00
  6.61505E+01  4.57385E+00  4.78510E+00
