  0.00000E+00  1.43772E-02  0.00000E+00
  2.63524E-01  4.61723E-02  7.49584E-03
  5.27048E-01  1.42855E-01  1.90326E-02
  7.90571E-01  3.26853E-01  2.83700E-02
  1.05410E+00  5.86654E-01  3.75885E-02
  1.31762E+00  8.77613E-01  4.80612E-02
  1.58114E+00  1.15761E+00  6.48370E-02
  1.84467E+00  1.40193E+00  8.31585E-02
  2.10819E+00  1.63297E+00  9.78169E-02
  2.37171E+00  1.95433E+00  1.19292E-01
  2.63524E+00  2.32467E+00  1.48713E-01
  2.89876E+00  2.72875E+00  1.74775E-01
  3.16229E+00  3.26651E+00  2.03694E-01
  3.42581E+00  3.93742E+00  2.34586E-01
  3.68933E+00  4.62016E+00  2.71353E-01
  3.95286E+00  5.10973E+00  3.08948E-01
  4.21638E+00  5.76718E+00  3.48340E-01
  4.47990E+00  6.58443E+00  3.86737E-01
  4.74343E+00  7.54854E+00  4.29915E-01
  5.00695E+00  8.65442E+00  4.86100E-01
  5.27048E+00  9.59358E+00  5.44101E-01
  5.53400E+00  1.05924E+01  5.92871E-01
  5.79752E+00  1.18347E+01  6.45063E-01
  6.06105E+00  1.32493E+01  7.14825E-01
  6.32457E+00  1.45932E+01  7.68653E-01
  6.58810E+00  1.54653E+01  8.33952E-01
  6.85162E+00  1.66622E+01  8.95090E-01
  7.11514E+00  1.83293E+01  9.73296E-01
  7.37867E+00  2.03801E+01  1.04521E+00
  7.64219E+00  2.21772E+01  1.13271E+00
  7.90571E+00  2.36679E+01  1.20749E+00
  8.16924E+00  2.48976E+01  1.27977E+00
  8.43276E+00  2.58854E+01  1.36146E+00
  8.69629E+00  2.80773E+01  1.45225E+00
  8.95981E+00  3.08912E+01  1.55222E+00
  9.22333E+00  3.34339E+01  1.66977E+00
  9.48686E+00  3.53158E+01  1.72106E+00
  9.75038E+00  3.77741E+01  1.83468E+00
  1.00139E+01  4.15089E+01  1.98070E+00
  1.02774E+01  4.58240E+01  2.12327E+00
  1.05410E+01  4.96248E+01  2.25802E+00
  1.08045E+01  5.34313E+01  2.38952E+00
  1.10680E+01  5.81526E+01  2.55402E+00
  1.13315E+01  6.30130E+01  2.73324E+00
  1.15950E+01  6.80970E+01  2.86441E+00
  1.18586E+01  7.23823E+01  3.00809E+00
  1.21221E+01  7.66770E+01  3.12920E+00
  1.23856E+01  8.16651E+01  3.29875E+00
  1.26491E+01  8.67434E+01  3.47311E+00
  1.29127E+01  9.19350E+01  3.63804E+00
  1.31762E+01  9.49035E+01  3.80719E+00
  1.34397E+01  9.72721E+01  3.89779E+00
  1.37032E+01  9.95956E+01  3.96758E+00
  1.39668E+01  1.04828E+02  4.07601E+00
  1.42303E+01  1.09748E+02  4.31287E+00
  1.44938E+01  1.13450E+02  4.48930E+00
  1.47573E+01  1.15840E+02  4.59512E+00
  1.50209E+01  1.17111E+02  4.72237E+00
  1.52844E+01  1.19383E+02  4.80310E+00
  1.55479E+01  1.21443E+02  4.91042E+00
  1.58114E+01  1.24929E+02  5.06110E+00
  1.60750E+01  1.27765E+02  5.20447E+00
  1.63385E+01  1.30056E+02  5.29102E+00
  1.66020E+01  1.32775E+02  5.49878E+00
  1.68655E+01  1.38099E+02  5.66698E+00
  1.71290E+01  1.43005E+02  5.86716E+00
  1.73926E+01  1.45379E+02  5.98007E+00
  1.76561E+01  1.43971E+02  6.01501E+00
  1.79196E+01  1.39771E+02  5.94785E+00
  1.81831E+01  1.33474E+02  5.86754E+00
  1.84467E+01  1.27531E+02  5.93283E+00
  1.87102E+01  1.22734E+02  5.92391E+00
  1.89737E+01  1.20360E+02  5.92424E+00
  1.92372E+01  1.20876E+02  5.92583E+00
  1.95008E+01  1.22474E+02  6.06496E+00
  1.97643E+01  1.24862E+02  6.16765E+00
  2.00278E+01  1.23492E+02  6.29332E+00
  2.02913E+01  1.22169E+02  6.42439E+00
  2.05549E+01  1.22197E+02  6.49966E+00
  2.08184E+01  1.24176E+02  6.48353E+00
  2.10819E+01  1.24996E+02  6.63917E+00
  2.13454E+01  1.24052E+02  6.69544E+00
  2.16090E+01  1.19167E+02  6.73031E+00
  2.18725E+01  1.13759E+02  6.60232E+00
  2.21360E+01  1.07047E+02  6.54144E+00
  2.23995E+01  1.05798E+02  6.39361E+00
  2.26630E+01  1.05114E+02  6.51375E+00
  2.29266E+01  1.10081E+02  6.75256E+00
  2.31901E+01  1.13656E+02  7.01781E+00
  2.34536E+01  1.19123E+02  7.11670E+00
  2.37171E+01  1.20542E+02  7.22260E+00
  2.39807E+01  1.18464E+02  7.26479E+00
  2.42442E+01  1.13760E+02  7.26448E+00
  2.45077E+01  1.11000E+02  7.30981E+00
  2.47712E+01  1.11660E+02  7.41959E+00
  2.50348E+01  1.13077E+02  7.37206E+00
  2.52983E+01  1.09944E+02  7.44903E+00
  2.55618E+01  1.01472E+02  7.47839E+00
  2.58253E+01  9.62492E+01  7.28672E+00
  2.60889E+01  9.59842E+01  7.34468E+00
  2.63524E+01  9.71427E+01  7.56455E+00
  2.66159E+01  9.71245E+01  7.56627E+00
  2.68794E+01  1.00553E+02  7.61938E+00
  2.71430E+01  1.06974E+02  8.03528E+00
  2.74065E+01  1.12337E+02  8.32330E+00
  2.76700E+01  1.12226E+02  8.36109E+00
  2.79335E+01  1.08577E+02  8.34897E+00
  2.81970E+01  1.03929E+02  8.16104E+00
  2.84606E+01  9.75976E+01  8.21497E+00
  2.87241E+01  9.59501E+01  8.03544E+00
  2.89876E+01  9.74621E+01  8.08344E+00
  2.92511E+01  9.57894E+01  8.25886E+00
  2.95147E+01  8.89034E+01  7.80274E+00
  2.97782E+01  7.74328E+01  7.45541E+00
  3.00417E+01  6.89838E+01  7.32534E+00
  3.03052E+01  6.52757E+01  7.19006E+00
  3.05688E+01  6.40797E+01  7.48062E+00
  3.08323E+01  6.24803E+01  7.38466E+00
  3.10958E+01  5.95082E+01  7.20415E+00
  3.13593E+01  5.64667E+01  7.08027E+00
  3.16229E+01  5.31689E+01  7.05171E+00
  3.18864E+01  5.22148E+01  7.05615E+00
  3.21499E+01  5.07394E+01  7.35903E+00
  3.24134E+01  5.04562E+01  7.43612E+00
  3.26770E+01  4.96611E+01  7.27830E+00
  3.29405E+01  5.05806E+01  7.26604E+00
  3.32040E+01  5.11157E+01  7.29758E+00
  3.34675E+01  5.01174E+01  7.12869E+00
  3.37310E+01  4.48001E+01  7.16140E+00
  3.39946E+01  4.21330E+01  7.09324E+00
  3.42581E+01  4.32430E+01  7.46419E+00
  3.45216E+01  4.68312E+01  7.58705E+00
  3.47851E+01  4.67151E+01  7.19219E+00
  3.50487E+01  4.49036E+01  7.10464E+00
  3.53122E+01  4.39738E+01  7.36093E+00
  3.55757E+01  4.45320E+01  7.62332E+00
  3.58392E+01  4.57536E+01  7.67374E+00
  3.61028E+01  4.59629E+01  7.75065E+00
  3.63663E+01  4.56635E+01  7.63262E+00
  3.66298E+01  4.51472E+01  7.41574E+00
  3.68933E+01  4.49262E+01  7.55962E+00
  3.71569E+01  4.49563E+01  7.66306E+00
  3.74204E+01  4.18845E+01  7.72431E+00
  3.76839E+01  4.23758E+01  7.62017E+00
  3.79474E+01  4.32594E+01  7.76935E+00
  3.82110E+01  4.32746E+01  7.93184E+00
  3.84745E+01  4.56102E+01  7.41090E+00
  3.87380E+01  4.75834E+01  7.66680E+00
  3.90015E+01  4.80051E+01  7.50259E+00
  3.92650E+01  4.46479E+01  7.49643E+00
  3.95286E+01  4.12376E+01  8.01121E+00
  3.97921E+01  3.92608E+01  7.69433E+00
  4.00556E+01  3.49101E+01  7.43571E+00
  4.03191E+01  3.22907E+01  7.31341E+00
  4.05827E+01  3.11671E+01  7.42188E+00
  4.08462E+01  3.10629E+01  7.26252E+00
  4.11097E+01  3.12257E+01  7.26758E+00
  4.13732E+01  2.98066E+01  7.40774E+00
  4.16368E+01  2.93261E+01  7.05164E+00
  4.19003E+01  2.80652E+01  6.98536E+00
  4.21638E+01  2.92978E+01  6.95023E+00
  4.24273E+01  2.94715E+01  7.39245E+00
  4.26909E+01  3.18696E+01  7.23403E+00
  4.29544E+01  3.47320E+01  7.45015E+00
  4.32179E+01  3.55446E+01  7.57543E+00
  4.34814E+01  3.23946E+01  7.24420E+00
  4.37450E+01  2.77358E+01  7.28942E+00
  4.40085E+01  2.48550E+01  7.17683E+00
  4.42720E+01  2.13276E+01  6.99447E+00
  4.45355E+01  1.91119E+01  6.70764E+00
  4.47990E+01  1.75235E+01  6.56564E+00
  4.50626E+01  1.71064E+01  6.60999E+00
  4.53261E+01  1.69098E+01  6.37400E+00
  4.55896E+01  1.54262E+01  6.50138E+00
  4.58531E+01  1.51360E+01  6.30245E+00
  4.61167E+01  1.25257E+01  6.23531E+00
  4.63802E+01  1.02589E+01  5.95512E+00
  4.66437E+01  9.46784E+00  5.73201E+00
  4.69072E+01  9.01491E+00  6.03973E+00
  4.71708E+01  1.05848E+01  5.82414E+00
  4.74343E+01  1.10107E+01  6.05013E+00
  4.76978E+01  1.09665E+01  6.14642E+00
  4.79613E+01  1.01714E+01  5.77805E+00
  4.82249E+01  8.51108E+00  5.86037E+00
  4.84884E+01  8.96859E+00  5.73635E+00
  4.87519E+01  8.88407E+00  5.84706E+00
  4.90154E+01  8.36445E+00  5.80064E+00
  4.92790E+01  6.79128E+00  5.58429E+00
  4.95425E+01  6.48249E+00  5.42322E+00
  4.98060E+01  6.97421E+00  5.67974E+00
  5.00695E+01  7.89155E+00  5.68536E+00
  5.03330E+01  8.10802E+00  5.61590E+00
  5.05966E+01  7.05480E+00  5.72761E+00
  5.08601E+01  5.80205E+00  5.34779E+00
  5.11236E+01  3.30940E+00  5.21465E+00
  5.13871E+01  3.51396E+00  4.98942E+00
  5.16507E+01  2.15071E+00  5.27392E+00
  5.19142E+01  1.54083E+00  4.77789E+00
  5.21777E+01  2.34735E-01  4.67596E+00
  5.24412E+01  1.11526E+00  4.90402E+00
  5.27048E+01  2.43148E+00  4.93966E+00
  5.29683E+01  2.04824E+00  5.07217E+00
  5.32318E+01  7.07019E-01  4.71712E+00
  5.34953E+01  1.11314E+00  4.49436E+00
  5.37589E+01  2.94287E+00  5.12864E+00
  5.40224E+01  4.80078E+00  5.28332E+00
  5.42859E+01  4.02196E+00  5.04424E+00
  5.45494E+01  2.34820E+00  4.86945E+00
  5.48130E+01  4.72310E-01  4.65494E+00
  5.50765E+01  1.09619E+00  4.34779E+00
  5.53400E+01  2.60870E+00  4.98170E+00
  5.56035E+01  4.06974E+00  5.15315E+00
  5.58670E+01  5.29076E+00  4.85131E+00
  5.61306E+01  4.33171E+00  5.34312E+00
  5.63941E+01  3.70703E+00  4.81088E+00
  5.66576E+01  3.47418E+00  4.56123E+00
  5.69211E+01  5.60491E+00  5.25927E+00
  5.71847E+01  7.07331E+00  5.44767E+00
  5.74482E+01  6.83074E+00  5.04674E+00
  5.77117E+01  5.77538E+00  5.15589E+00
  5.79752E+01  5.46818E+00  5.04971E+00
  5.82388E+01  4.64803E+00  4.79893E+00
  5.85023E+01  2.86433E+00  4.80112E+00
  5.87658E+01  2.63965E+00  4.26269E+00
  5.90293E+01  2.39886E+00  4.62044E+00
  5.92929E+01  2.96574E+00  4.62386E+00
  5.95564E+01  3.45227E+00  4.43157E+00
  5.98199E+01  3.76355E+00  4.76591E+00
  6.00834E+01  4.29382E+00  4.69495E+00
  6.03470E+01  2.75411E+00  4.55028E+00
  6.06105E+01  1.41108E+00  4.04804E+00
  6.08740E+01  9.52750E-01  4.05080E+00
  6.11375E+01  1.78866E+00  4.24224E+00
  6.14010E+01  2.60898E+00  4.35841E+00
  6.16646E+01  2.24803E+00  4.30633E+00
  6.19281E+01  1.11363E+00  4.03340E+00
  6.21916E+01  3.73654E-01  3.72963E+00
  6.24551E+01 -3.51244E-01  3.82681E+00
  6.27187E+01  7.63107E-01  3.64957E+00
  6.29822E+01  2.71327E+00  4.19153E+00
  6.32457E+01  3.97668E+00  4.70390E+00
  6.35092E+01  5.39416E+00  4.33316E+00
  6.37728E+01  6.50181E+00  4.77137E+00
  6.40363E+01  5.98806E+00  5.16466E+00
  6.42998E+01  6.10634E+00  4.04640E+00
  6.45633E+01  5.53005E+00  4.76893E+00
  6.48269E+01  5.57447E+00  4.91329E+00
  6.50904E+01  5.10332E+00  3.93534E+00
  6.53539E+01  4.80315E+00  4.57138E+00
  6.56174E+01  5.96009E+00  4.70498E+00
  6.58810E+01  5.76091E+00  4.41205E+00
  6.61445E+01  5.07085E+00  4.43137E+00
