  0.00000E+00  1.83255E-02  0.00000E+00
  2.63524E-01  5.78846E-02  6.91709E-03
  5.27048E-01  1.54746E-01  1.72455E-02
  7.90571E-01  3.20237E-01  2.59079E-02
  1.05410E+00  5.50195E-01  3.53509E-02
  1.31762E+00  8.26889E-01  4.89260E-02
  1.58114E+00  1.12299E+00  6.41298E-02
  1.84467E+00  1.43309E+00  8.21076E-02
  2.10819E+00  1.79246E+00  1.03710E-01
  2.37171E+00  2.20808E+00  1.28120E-01
  2.63524E+00  2.60929E+00  1.53587E-01
  2.89876E+00  2.98321E+00  1.75737E-01
  3.16229E+00  3.39581E+00  2.03635E-01
  3.42581E+00  4.05849E+00  2.38149E-01
  3.68933E+00  4.72903E+00  2.76643E-01
  3.95286E+00  5.33315E+00  3.10532E-01
  4.21638E+00  5.98300E+00  3.46147E-01
  4.47990E+00  6.70286E+00  3.97228E-01
  4.74343E+00  7.67594E+00  4.44162E-01
  5.00695E+00  8.67902E+00  4.85611E-01
  5.27048E+00  9.83505E+00  5.45224E-01
  5.53400E+00  1.09889E+01  6.07395E-01
  5.79752E+00  1.17202E+01  6.58839E-01
  6.06105E+00  1.25254E+01  7.04510E-01
  6.32457E+00  1.38389E+01  7.64549E-01
  6.58810E+00  1.56461E+01  8.42628E-01
  6.85162E+00  1.74203E+01  9.12450E-01
  7.11514E+00  1.85181E+01  9.72345E-01
  7.37867E+00  1.97689E+01  1.05037E+00
  7.64219E+00  2.17130E+01  1.11432E+00
  7.90571E+00  2.39510E+01  1.19260E+00
  8.16924E+00  2.58659E+01  1.29673E+00
  8.43276E+00  2.72934E+01  1.36820E+00
  8.69629E+00  2.87719E+01  1.44387E+00
  8.95981E+00  3.06425E+01  1.53963E+00
  9.22333E+00  3.35583E+01  1.64407E+00
  9.48686E+00  3.66651E+01  1.77502E+00
  9.75038E+00  3.95054E+01  1.88860E+00
  1.00139E+01  4.22646E+01  1.97981E+00
  1.02774E+01  4.56202E+01  2.13045E+00
  1.05410E+01  5.00509E+01  2.28890E+00
  1.08045E+01  5.44672E+01  2.40979E+00
  1.10680E+01  5.78723E+01  2.54310E+00
  1.13315E+01  6.08359E+01  2.67273E+00
  1.15950E+01  6.58878E+01  2.84301E+00
  1.18586E+01  7.24523E+01  3.00972E+00
  1.21221E+01  7.94456E+01  3.15752E+00
  1.23856E+01  8.50436E+01  3.32961E+00
  1.26491E+01  8.98630E+01  3.49819E+00
  1.29127E+01  9.43251E+01  3.64888E+00
  1.31762E+01  9.90521E+01  3.80516E+00
  1.34397E+01  1.03861E+02  3.96941E+00
  1.37032E+01  1.09951E+02  4.13506E+00
  1.39668E+01  1.15367E+02  4.31959E+00
  1.42303E+01  1.19479E+02  4.46421E+00
  1.44938E+01  1.22999E+02  4.56815E+00
  1.47573E+01  1.26202E+02  4.73741E+00
  1.50209E+01  1.28886E+02  4.89559E+00
  1.52844E+01  1.29126E+02  4.96949E+00
  1.55479E+01  1.28326E+02  5.06031E+00
  1.58114E+01  1.29924E+02  5.14617E+00
  1.60750E+01  1.32825E+02  5.31099E+00
  1.63385E+01  1.35506E+02  5.38762E+00
  1.66020E+01  1.38464E+02  5.49196E+00
  1.68655E+01  1.40807E+02  5.72654E+00
  1.71290E+01  1.43184E+02  5.75075E+00
  1.73926E+01  1.41742E+02  5.77330E+00
  1.76561E+01  1.39151E+02  5.88551E+00
  1.79196E+01  1.37264E+02  5.90484E+00
  1.81831E+01  1.37546E+02  5.87817E+00
  1.84467E+01  1.35875E+02  5.93352E+00
  1.87102E+01  1.30337E+02  5.90768E+00
  1.89737E+01  1.25092E+02  5.91256E+00
  1.92372E+01  1.22972E+02  5.95903E+00
  1.95008E+01  1.21149E+02  6.05131E+00
  1.97643E+01  1.21970E+02  6.13180E+00
  2.00278E+01  1.26193E+02  6.28710E+00
  2.02913E+01  1.32870E+02  6.56194E+00
  2.05549E+01  1.37415E+02  6.72141E+00
  2.08184E+01  1.34283E+02  6.71035E+00
  2.10819E+01  1.27513E+02  6.56391E+00
  2.13454E+01  1.22570E+02  6.48022E+00
  2.16090E+01  1.20185E+02  6.69892E+00
  2.18725E+01  1.15409E+02  6.64113E+00
  2.21360E+01  1.07684E+02  6.38421E+00
  2.23995E+01  1.03476E+02  6.50805E+00
  2.26630E+01  1.06796E+02  6.69913E+00
  2.29266E+01  1.16173E+02  6.93702E+00
  2.31901E+01  1.22695E+02  7.11845E+00
  2.34536E+01  1.20806E+02  7.06886E+00
  2.37171E+01  1.12027E+02  6.85585E+00
  2.39807E+01  1.02702E+02  6.87573E+00
  2.42442E+01  1.01575E+02  7.01981E+00
  2.45077E+01  1.03390E+02  7.18176E+00
  2.47712E+01  1.04612E+02  7.24796E+00
  2.50348E+01  1.05153E+02  7.25109E+00
  2.52983E+01  1.03756E+02  7.39641E+00
  2.55618E+01  1.03752E+02  7.32500E+00
  2.58253E+01  1.02098E+02  7.38414E+00
  2.60889E+01  1.01063E+02  7.47141E+00
  2.63524E+01  1.01182E+02  7.49343E+00
  2.66159E+01  1.01919E+02  7.54538E+00
  2.68794E+01  1.01373E+02  7.74106E+00
  2.71430E+01  1.01114E+02  7.78153E+00
  2.74065E+01  1.01664E+02  7.71326E+00
  2.76700E+01  1.02961E+02  7.87357E+00
  2.79335E+01  1.02881E+02  8.03032E+00
  2.81970E+01  1.00677E+02  8.06782E+00
  2.84606E+01  9.62006E+01  7.93794E+00
  2.87241E+01  9.05457E+01  7.85591E+00
  2.89876E+01  8.55166E+01  7.63660E+00
  2.92511E+01  7.98001E+01  7.45479E+00
  2.95147E+01  7.48902E+01  7.47478E+00
  2.97782E+01  6.94235E+01  7.40357E+00
  3.00417E+01  6.55385E+01  7.26207E+00
  3.03052E+01  6.30766E+01  7.29532E+00
  3.05688E+01  6.30643E+01  7.25240E+00
  3.08323E+01  6.39769E+01  7.34846E+00
  3.10958E+01  6.19351E+01  7.26959E+00
  3.13593E+01  6.02331E+01  7.03890E+00
  3.16229E+01  6.01412E+01  7.29043E+00
  3.18864E+01  6.06692E+01  7.59215E+00
  3.21499E+01  6.10231E+01  7.39197E+00
  3.24134E+01  6.12137E+01  7.58002E+00
  3.26770E+01  6.20769E+01  7.82874E+00
  3.29405E+01  6.11802E+01  7.61678E+00
  3.32040E+01  5.87580E+01  7.52755E+00
  3.34675E+01  5.57028E+01  7.61780E+00
  3.37310E+01  5.38827E+01  7.60270E+00
  3.39946E+01  5.22596E+01  7.80752E+00
  3.42581E+01  5.33561E+01  7.75966E+00
  3.45216E+01  5.57998E+01  7.76641E+00
  3.47851E+01  5.57288E+01  7.79281E+00
  3.50487E+01  4.92003E+01  7.50387E+00
  3.53122E+01  4.40435E+01  7.14265E+00
  3.55757E+01  4.11908E+01  7.33013E+00
  3.58392E+01  4.30303E+01  7.21085E+00
  3.61028E+01  4.53317E+01  7.27505E+00
  3.63663E+01  4.87361E+01  7.61052E+00
  3.66298E+01  5.03387E+01  7.87129E+00
  3.68933E+01  4.64708E+01  7.77142E+00
  3.71569E+01  4.17053E+01  7.65746E+00
  3.74204E+01  4.00990E+01  7.55830E+00
  3.76839E+01  4.12096E+01  7.44038E+00
  3.79474E+01  4.24274E+01  7.48232E+00
  3.82110E+01  4.30504E+01  7.58418E+00
  3.84745E+01  4.19385E+01  7.80905E+00
  3.87380E+01  4.00013E+01  7.71898E+00
  3.90015E+01  3.87977E+01  7.65053E+00
  3.92650E+01  3.85990E+01  7.73598E+00
  3.95286E+01  3.78423E+01  7.82366E+00
  3.97921E+01  3.41653E+01  7.66295E+00
  4.00556E+01  3.23972E+01  7.09242E+00
  4.03191E+01  3.23209E+01  7.01994E+00
  4.05827E+01  3.18510E+01  7.10520E+00
  4.08462E+01  2.93778E+01  6.88519E+00
  4.11097E+01  2.75711E+01  7.13775E+00
  4.13732E+01  3.02535E+01  7.37620E+00
  4.16368E+01  2.94076E+01  7.38086E+00
  4.19003E+01  2.52957E+01  7.02938E+00
  4.21638E+01  2.22760E+01  6.49911E+00
  4.24273E+01  2.13531E+01  6.61128E+00
  4.26909E+01  2.51532E+01  6.67383E+00
  4.29544E+01  2.72762E+01  6.75007E+00
  4.32179E+01  2.68767E+01  6.91149E+00
  4.34814E+01  2.30291E+01  6.73386E+00
  4.37450E+01  1.83750E+01  6.63997E+00
  4.40085E+01  1.87391E+01  6.54729E+00
  4.42720E+01  1.91760E+01  6.67976E+00
  4.45355E+01  1.70510E+01  6.49091E+00
  4.47990E+01  1.39247E+01  6.09957E+00
  4.50626E+01  1.12035E+01  6.09246E+00
  4.53261E+01  1.19421E+01  6.00513E+00
  4.55896E+01  1.27580E+01  6.23637E+00
  4.58531E+01  1.37401E+01  6.26094E+00
  4.61167E+01  1.22053E+01  6.16967E+00
  4.63802E+01  9.77486E+00  5.91647E+00
  4.66437E+01  7.59751E+00  5.67382E+00
  4.69072E+01  6.85639E+00  5.66925E+00
  4.71708E+01  8.19942E+00  5.69742E+00
  4.74343E+01  7.16787E+00  5.90740E+00
  4.76978E+01  5.88777E+00  5.40703E+00
  4.79613E+01  5.39295E+00  5.37479E+00
  4.82249E+01  7.35509E+00  5.78730E+00
  4.84884E+01  8.27536E+00  5.82947E+00
  4.87519E+01  7.88620E+00  5.59995E+00
  4.90154E+01  7.04767E+00  5.68349E+00
  4.92790E+01  5.87174E+00  5.58705E+00
  4.95425E+01  5.22902E+00  5.24315E+00
  4.98060E+01  5.20052E+00  5.48682E+00
  5.00695E+01  5.67866E+00  5.53847E+00
  5.03330E+01  6.16289E+00  5.33654E+00
  5.05966E+01  6.37026E+00  5.58220E+00
  5.08601E+01  5.76761E+00  5.55044E+00
  5.11236E+01  4.39968E+00  5.11239E+00
  5.13871E+01  4.02831E+00  5.18873E+00
  5.16507E+01  5.29960E+00  5.42073E+00
  5.19142E+01  5.38597E+00  5.37595E+00
  5.21777E+01  3.79272E+00  5.15543E+00
  5.24412E+01  1.76060E+00  4.88806E+00
  5.27048E+01  1.32574E+00  4.72199E+00
  5.29683E+01  1.73084E+00  4.91863E+00
  5.32318E+01  2.13748E+00  4.95147E+00
  5.34953E+01  2.79362E+00  4.80737E+00
  5.37589E+01  3.30764E+00  5.08536E+00
  5.40224E+01  1.98738E+00  5.01075E+00
  5.42859E+01 -9.56142E-01  4.24112E+00
  5.45494E+01 -2.36836E+00  3.98722E+00
  5.48130E+01 -4.33940E-01  4.47809E+00
  5.50765E+01  2.49252E+00  4.83081E+00
  5.53400E+01  3.76260E+00  4.99383E+00
  5.56035E+01  3.41655E+00  4.90320E+00
  5.58670E+01  2.62090E+00  4.68823E+00
  5.61306E+01  2.65330E+00  4.65139E+00
  5.63941E+01  2.28892E+00  4.81223E+00
  5.66576E+01  1.44559E+00  4.46945E+00
  5.69211E+01  1.15658E+00  4.25522E+00
  5.71847E+01  2.40933E+00  4.67230E+00
  5.74482E+01  2.87453E+00  4.80313E+00
  5.77117E+01  2.38704E+00  4.39817E+00
  5.79752E+01  2.20175E+00  4.43006E+00
  5.82388E+01  2.63298E+00  4.68028E+00
  5.85023E+01  3.87461E+00  4.50627E+00
  5.87658E+01  4.67163E+00  4.84381E+00
  5.90293E+01  4.72634E+00  4.91659E+00
  5.92929E+01  4.50043E+00  4.50651E+00
  5.95564E+01  4.40284E+00  4.67613E+00
  5.98199E+01  3.63806E+00  4.82300E+00
  6.00834E+01  3.34984E+00  4.10502E+00
  6.03470E+01  2.57646E+00  4.46518E+00
  6.06105E+01  3.17150E+00  4.48236E+00
  6.08740E+01  2.82308E+00  4.20969E+00
  6.11375E+01  2.33237E+00  4.26684E+00
  6.14010E+01  1.95239E+00  4.20113E+00
  6.16646E+01  1.88342E+00  3.94440E+00
  6.19281E+01  2.64689E+00  4.19988E+00
  6.21916E+01  4.31399E+00  4.49001E+00
  6.24551E+01  4.08142E+00  4.57167E+00
  6.27187E+01  2.01612E+00  4.03859E+00
  6.29822E+01  2.49554E+00  3.53355E+00
  6.32457E+01  4.59680E+00  4.68980E+00
  6.35092E+01  6.32287E+00  4.90671E+00
  6.37728E+01  5.14945E+00  4.26477E+00
  6.40363E+01  3.65376E+00  4.21779E+00
  6.42998E+01  4.08827E+00  4.20589E+00
  6.45633E+01  3.57079E+00  4.32885E+00
  6.48269E+01  3.47345E+00  3.94029E+00
  6.50904E+01  3.57844E+00  4.08919E+00
  6.53539E+01  4.00368E+00  4.32879E+00
  6.56174E+01  4.30105E+00  4.03585E+00
  6.58810E+01  3.83762E+00  4.13859E+00
