  0.00000E+00  1.59819E-02  0.00000E+00
  2.63500E-01  5.09374E-02  7.14798E-03
  5.27000E-01  1.35689E-01  2.16313E-02
  7.90500E-01  2.83448E-01  3.03098E-02
  1.05400E+00  5.01973E-01  3.86609E-02
  1.31750E+00  7.70279E-01  5.11727E-02
  1.58100E+00  1.05191E+00  6.59938E-02
  1.84450E+00  1.33859E+00  8.17307E-02
  2.10800E+00  1.62700E+00  1.01250E-01
  2.37150E+00  1.97128E+00  1.19767E-01
  2.63500E+00  2.36533E+00  1.45397E-01
  2.89850E+00  2.75730E+00  1.78419E-01
  3.16200E+00  3.16567E+00  2.08299E-01
  3.42550E+00  3.67931E+00  2.40097E-01
  3.68900E+00  4.30981E+00  2.74334E-01
  3.95250E+00  4.97083E+00  3.12005E-01
  4.21600E+00  5.67622E+00  3.48500E-01
  4.47950E+00  6.40363E+00  3.93413E-01
  4.74300E+00  7.17604E+00  4.37675E-01
  5.00650E+00  7.86706E+00  4.75861E-01
  5.27000E+00  8.85481E+00  5.30393E-01
  5.53350E+00  1.00073E+01  5.97431E-01
  5.79700E+00  1.14066E+01  6.60418E-01
  6.06050E+00  1.27950E+01  7.25944E-01
  6.32400E+00  1.39792E+01  7.85681E-01
  6.58750E+00  1.53840E+01  8.51421E-01
  6.85100E+00  1.66715E+01  9.24680E-01
  7.11450E+00  1.80705E+01  9.88143E-01
  7.37800E+00  1.95482E+01  1.05167E+00
  7.64150E+00  2.08766E+01  1.13045E+00
  7.90500E+00  2.26251E+01  1.21307E+00
  8.16850E+00  2.46766E+01  1.29822E+00
  8.43200E+00  2.70987E+01  1.41294E+00
  8.69550E+00  2.92054E+01  1.50574E+00
  8.95900E+00  3.07800E+01  1.57849E+00
  9.22250E+00  3.25362E+01  1.68137E+00
  9.48600E+00  3.50969E+01  1.79598E+00
  9.74950E+00  3.82763E+01  1.93636E+00
  1.00130E+01  4.10528E+01  2.05327E+00
  1.02765E+01  4.41874E+01  2.13647E+00
  1.05400E+01  4.85986E+01  2.30684E+00
  1.08035E+01  5.37280E+01  2.49837E+00
  1.10670E+01  5.78252E+01  2.62719E+00
  1.13305E+01  5.99750E+01  2.74424E+00
  1.15940E+01  6.17757E+01  2.85861E+00
  1.18575E+01  6.42584E+01  2.95659E+00
  1.21210E+01  6.72639E+01  3.06633E+00
  1.23845E+01  7.11579E+01  3.22181E+00
  1.26480E+01  7.44632E+01  3.36589E+00
  1.29115E+01  7.71258E+01  3.46348E+00
  1.31750E+01  7.91213E+01  3.55689E+00
  1.34385E+01  7.92145E+01  3.66817E+00
  1.37020E+01  7.83685E+01  3.69002E+00
  1.39655E+01  7.66556E+01  3.71010E+00
  1.42290E+01  7.70461E+01  3.79730E+00
  1.44925E+01  7.79467E+01  3.89640E+00
  1.47560E+01  7.99850E+01  3.98966E+00
  1.50195E+01  8.36927E+01  4.14988E+00
  1.52830E+01  8.80941E+01  4.29491E+00
  1.55465E+01  9.24104E+01  4.48320E+00
  1.58100E+01  9.69068E+01  4.68931E+00
  1.60735E+01  1.03486E+02  4.87310E+00
  1.63370E+01  1.11356E+02  5.07898E+00
  1.66005E+01  1.18592E+02  5.34388E+00
  1.68640E+01  1.24018E+02  5.56515E+00
  1.71275E+01  1.29159E+02  5.71134E+00
  1.73910E+01  1.32892E+02  5.93099E+00
  1.76545E+01  1.34573E+02  6.03975E+00
  1.79180E+01  1.31227E+02  6.04169E+00
  1.81815E+01  1.24198E+02  6.06356E+00
  1.84450E+01  1.16696E+02  5.97427E+00
  1.87085E+01  1.11369E+02  5.84480E+00
  1.89720E+01  1.10444E+02  5.86701E+00
  1.92355E+01  1.13057E+02  6.01606E+00
  1.94990E+01  1.16666E+02  6.09581E+00
  1.97625E+01  1.18257E+02  6.21095E+00
  2.00260E+01  1.16172E+02  6.35370E+00
  2.02895E+01  1.12165E+02  6.29302E+00
  2.05530E+01  1.08538E+02  6.19401E+00
  2.08165E+01  1.05610E+02  6.23174E+00
  2.10800E+01  1.01559E+02  6.28324E+00
  2.13435E+01  9.70265E+01  6.17972E+00
  2.16070E+01  9.33930E+01  6.18030E+00
  2.18705E+01  8.89405E+01  6.18151E+00
  2.21340E+01  8.51468E+01  6.06025E+00
  2.23975E+01  8.60152E+01  6.03304E+00
  2.26610E+01  9.13489E+01  6.34298E+00
  2.29245E+01  1.01357E+02  6.64312E+00
  2.31880E+01  1.09222E+02  7.11696E+00
  2.34515E+01  1.14797E+02  7.25363E+00
  2.37150E+01  1.15421E+02  7.24697E+00
  2.39785E+01  1.15376E+02  7.47400E+00
  2.42420E+01  1.18265E+02  7.63728E+00
  2.45055E+01  1.19384E+02  7.67223E+00
  2.47690E+01  1.16627E+02  7.57424E+00
  2.50325E+01  1.12826E+02  7.44348E+00
  2.52960E+01  1.08460E+02  7.42128E+00
  2.55595E+01  1.04481E+02  7.49328E+00
  2.58230E+01  1.02362E+02  7.63439E+00
  2.60865E+01  1.04660E+02  7.74955E+00
  2.63500E+01  1.11816E+02  7.99605E+00
  2.66135E+01  1.17072E+02  8.27550E+00
  2.68770E+01  1.17505E+02  8.38864E+00
  2.71405E+01  1.15821E+02  8.29795E+00
  2.74040E+01  1.15628E+02  8.48568E+00
  2.76675E+01  1.21629E+02  8.56875E+00
  2.79310E+01  1.30397E+02  8.81371E+00
  2.81945E+01  1.34194E+02  9.28771E+00
  2.84580E+01  1.31949E+02  9.30315E+00
  2.87215E+01  1.23829E+02  9.09924E+00
  2.89850E+01  1.13835E+02  8.98031E+00
  2.92485E+01  1.04495E+02  8.50986E+00
  2.95120E+01  9.23007E+01  8.20386E+00
  2.97755E+01  7.84916E+01  7.78581E+00
  3.00390E+01  6.52597E+01  7.19560E+00
  3.03025E+01  5.49460E+01  7.12617E+00
  3.05660E+01  5.13322E+01  6.89956E+00
  3.08295E+01  4.91369E+01  6.75493E+00
  3.10930E+01  4.75303E+01  6.67383E+00
  3.13565E+01  4.52991E+01  6.70975E+00
  3.16200E+01  4.30488E+01  6.81417E+00
  3.18835E+01  4.17945E+01  6.73470E+00
  3.21470E+01  4.10546E+01  6.71882E+00
  3.24105E+01  4.27758E+01  6.83432E+00
  3.26740E+01  4.40882E+01  7.02004E+00
  3.29375E+01  4.45780E+01  6.96558E+00
  3.32010E+01  4.39365E+01  7.04002E+00
  3.34645E+01  4.38402E+01  7.17448E+00
  3.37280E+01  4.22353E+01  7.09150E+00
  3.39915E+01  3.83470E+01  6.74839E+00
  3.42550E+01  3.67190E+01  6.64436E+00
  3.45185E+01  4.05397E+01  6.94229E+00
  3.47820E+01  4.33900E+01  7.24081E+00
  3.50455E+01  4.30556E+01  7.09084E+00
  3.53090E+01  4.00377E+01  7.28108E+00
  3.55725E+01  3.99882E+01  7.34138E+00
  3.58360E+01  4.22728E+01  7.51979E+00
  3.60995E+01  4.33689E+01  7.52592E+00
  3.63630E+01  4.49736E+01  7.45594E+00
  3.66265E+01  4.56095E+01  7.57885E+00
  3.68900E+01  4.61897E+01  7.70969E+00
  3.71535E+01  4.73497E+01  7.70520E+00
  3.74170E+01  4.81629E+01  7.72014E+00
  3.76805E+01  5.06112E+01  7.92618E+00
  3.79440E+01  5.23973E+01  8.18482E+00
  3.82075E+01  5.25988E+01  8.36608E+00
  3.84710E+01  5.39318E+01  8.19715E+00
  3.87345E+01  5.71281E+01  8.46654E+00
  3.89980E+01  5.95785E+01  8.81678E+00
  3.92615E+01  5.79604E+01  8.55065E+00
  3.95250E+01  5.73520E+01  8.42341E+00
  3.97885E+01  5.96615E+01  8.80045E+00
  4.00520E+01  5.84129E+01  8.86495E+00
  4.03155E+01  5.22960E+01  8.58632E+00
  4.05790E+01  4.64274E+01  8.43541E+00
  4.08425E+01  4.66832E+01  8.41987E+00
  4.11060E+01  4.96869E+01  8.33949E+00
  4.13695E+01  4.92053E+01  8.43309E+00
  4.16330E+01  4.62761E+01  8.42592E+00
  4.18965E+01  4.12109E+01  8.23343E+00
  4.21600E+01  3.80441E+01  8.11670E+00
  4.24235E+01  3.82367E+01  7.87183E+00
  4.26870E+01  3.81431E+01  8.00304E+00
  4.29505E+01  3.94726E+01  7.99572E+00
  4.32140E+01  3.96320E+01  8.24120E+00
  4.34775E+01  3.91286E+01  8.35771E+00
  4.37410E+01  3.83300E+01  8.24207E+00
  4.40045E+01  3.76991E+01  8.12362E+00
  4.42680E+01  4.01557E+01  8.36144E+00
  4.45315E+01  4.26464E+01  8.24194E+00
  4.47950E+01  4.02116E+01  8.14814E+00
  4.50585E+01  3.46327E+01  7.63692E+00
  4.53220E+01  2.98565E+01  7.40810E+00
  4.55855E+01  2.67990E+01  7.51082E+00
  4.58490E+01  2.62256E+01  7.06043E+00
  4.61125E+01  2.64267E+01  7.30048E+00
  4.63760E+01  2.69220E+01  7.56331E+00
  4.66395E+01  2.39963E+01  7.11083E+00
  4.69030E+01  1.80997E+01  6.65614E+00
  4.71665E+01  1.62327E+01  6.34003E+00
  4.74300E+01  1.72126E+01  6.70575E+00
  4.76935E+01  1.76698E+01  6.77690E+00
  4.79570E+01  1.58671E+01  6.45207E+00
  4.82205E+01  1.58519E+01  6.29355E+00
  4.84840E+01  1.71697E+01  6.83011E+00
  4.87475E+01  1.83944E+01  6.71040E+00
  4.90110E+01  1.74669E+01  6.59908E+00
  4.92745E+01  1.59937E+01  6.60904E+00
  4.95380E+01  1.46491E+01  6.36834E+00
  4.98015E+01  1.28322E+01  6.22720E+00
  5.00650E+01  1.09414E+01  6.11983E+00
  5.03285E+01  9.49396E+00  5.86133E+00
  5.05920E+01  8.24621E+00  5.77277E+00
  5.08555E+01  7.69951E+00  5.78862E+00
  5.11190E+01  7.23852E+00  5.64552E+00
  5.13825E+01  6.61808E+00  5.65071E+00
  5.16460E+01  6.71016E+00  5.59881E+00
  5.19095E+01  5.20829E+00  5.64092E+00
  5.21730E+01  3.77607E+00  5.15473E+00
  5.24365E+01  3.03989E+00  5.15495E+00
  5.27000E+01  3.09754E+00  5.38698E+00
  5.29635E+01  2.75287E+00  5.12951E+00
  5.32270E+01  1.22813E+00  4.96234E+00
  5.34905E+01  1.12764E+00  4.87512E+00
  5.37540E+01  2.80436E+00  5.09552E+00
  5.40175E+01  4.09792E+00  5.44664E+00
  5.42810E+01  2.71689E+00  5.27045E+00
  5.45445E+01  7.34734E-01  4.54538E+00
  5.48080E+01  4.35669E-01  4.78227E+00
  5.50715E+01  3.22622E+00  5.18713E+00
  5.53350E+01  4.31003E+00  5.45082E+00
  5.55985E+01  3.17236E+00  5.15172E+00
  5.58620E+01  2.26351E+00  4.79070E+00
  5.61255E+01  2.76849E+00  5.14623E+00
  5.63890E+01  4.30462E+00  5.29975E+00
  5.66525E+01  6.04079E+00  5.35387E+00
  5.69160E+01  6.25968E+00  5.68507E+00
  5.71795E+01  6.17139E+00  5.42296E+00
  5.74430E+01  4.53873E+00  5.17873E+00
  5.77065E+01  4.59875E+00  5.18672E+00
  5.79700E+01  6.83654E+00  5.33217E+00
  5.82335E+01  9.19771E+00  5.99044E+00
  5.84970E+01  1.12396E+01  5.92018E+00
  5.87605E+01  1.14487E+01  6.06886E+00
  5.90240E+01  1.04184E+01  5.98155E+00
  5.92875E+01  9.97374E+00  5.60221E+00
  5.95510E+01  9.20260E+00  5.84585E+00
  5.98145E+01  8.26047E+00  5.63218E+00
  6.00780E+01  5.71985E+00  5.18092E+00
  6.03415E+01  4.57058E+00  4.80533E+00
  6.06050E+01  5.47884E+00  5.21628E+00
  6.08685E+01  7.46842E+00  5.44103E+00
  6.11320E+01  8.47030E+00  5.57136E+00
  6.13955E+01  8.58246E+00  5.59487E+00
  6.16590E+01  8.16187E+00  5.46236E+00
  6.19225E+01  5.75138E+00  5.34056E+00
  6.21860E+01  3.90530E+00  4.51170E+00
  6.24495E+01  3.16543E+00  4.68555E+00
  6.27130E+01  4.57567E+00  4.91771E+00
  6.29765E+01  6.37480E+00  5.17282E+00
  6.32400E+01  6.30007E+00  5.27986E+00
  6.35035E+01  5.72576E+00  4.98169E+00
  6.37670E+01  3.81830E+00  4.75915E+00
  6.40305E+01  4.57906E+00  4.53664E+00
  6.42940E+01  6.36445E+00  5.23202E+00
  6.45575E+01  7.01658E+00  5.47041E+00
  6.48210E+01  7.20277E+00  4.83969E+00
  6.50845E+01  7.27558E+00  5.31161E+00
  6.53480E+01  9.02070E+00  5.53788E+00
  6.56115E+01  9.29872E+00  5.51677E+00
  6.58750E+01  9.04509E+00  5.42147E+00
