  0.00000E+00  1.75856E-02  0.00000E+00
  2.63524E-01  5.97925E-02  7.44331E-03
  5.27048E-01  1.68111E-01  1.78534E-02
  7.90571E-01  3.39846E-01  2.64467E-02
  1.05410E+00  5.74925E-01  3.85345E-02
  1.31762E+00  8.62316E-01  5.27470E-02
  1.58114E+00  1.18141E+00  6.55037E-02
  1.84467E+00  1.51063E+00  8.84140E-02
  2.10819E+00  1.83554E+00  1.06087E-01
  2.37171E+00  2.14407E+00  1.28784E-01
  2.63524E+00  2.45878E+00  1.53171E-01
  2.89876E+00  2.89359E+00  1.75397E-01
  3.16229E+00  3.38775E+00  2.08025E-01
  3.42581E+00  4.04322E+00  2.40979E-01
  3.68933E+00  4.63578E+00  2.79100E-01
  3.95286E+00  5.32451E+00  3.09293E-01
  4.21638E+00  5.87679E+00  3.48786E-01
  4.47990E+00  6.55574E+00  4.00290E-01
  4.74343E+00  6.99405E+00  4.40046E-01
  5.00695E+00  7.83792E+00  4.72991E-01
  5.27048E+00  8.97460E+00  5.40505E-01
  5.53400E+00  1.00414E+01  5.95578E-01
  5.79752E+00  1.14096E+01  6.51440E-01
  6.06105E+00  1.24277E+01  7.32567E-01
  6.32457E+00  1.45567E+01  7.65834E-01
  6.58810E+00  1.59455E+01  8.54209E-01
  6.85162E+00  1.72400E+01  8.93309E-01
  7.11514E+00  1.83606E+01  9.72783E-01
  7.37867E+00  1.93720E+01  1.03402E+00
  7.64219E+00  2.12165E+01  1.10925E+00
  7.90571E+00  2.22813E+01  1.19365E+00
  8.16924E+00  2.36048E+01  1.26756E+00
  8.43276E+00  2.53779E+01  1.35240E+00
  8.69629E+00  2.74904E+01  1.45823E+00
  8.95981E+00  3.07679E+01  1.55758E+00
  9.22333E+00  3.36385E+01  1.67726E+00
  9.48686E+00  3.59919E+01  1.74574E+00
  9.75038E+00  3.82902E+01  1.87794E+00
  1.00139E+01  4.11306E+01  2.00988E+00
  1.02774E+01  4.56226E+01  2.06667E+00
  1.05410E+01  5.05132E+01  2.28652E+00
  1.08045E+01  5.53458E+01  2.43410E+00
  1.10680E+01  5.81913E+01  2.59048E+00
  1.13315E+01  6.24350E+01  2.63447E+00
  1.15950E+01  6.65879E+01  2.80825E+00
  1.18586E+01  7.20971E+01  3.07300E+00
  1.21221E+01  7.64644E+01  3.21155E+00
  1.23856E+01  8.42365E+01  3.32736E+00
  1.26491E+01  8.93941E+01  3.61149E+00
  1.29127E+01  9.66614E+01  3.68397E+00
  1.31762E+01  1.00276E+02  3.96004E+00
  1.34397E+01  1.06676E+02  3.98295E+00
  1.37032E+01  1.11959E+02  4.13144E+00
  1.39668E+01  1.16887E+02  4.41927E+00
  1.42303E+01  1.23610E+02  4.59030E+00
  1.44938E+01  1.27390E+02  4.74292E+00
  1.47573E+01  1.31246E+02  4.90765E+00
  1.50209E+01  1.30977E+02  5.04524E+00
  1.52844E+01  1.31873E+02  5.10594E+00
  1.55479E+01  1.30906E+02  5.16984E+00
  1.58114E+01  1.29863E+02  5.28175E+00
  1.60750E+01  1.30532E+02  5.14269E+00
  1.63385E+01  1.32075E+02  5.33824E+00
  1.66020E+01  1.36212E+02  5.44581E+00
  1.68655E+01  1.41405E+02  5.66612E+00
  1.71290E+01  1.45588E+02  5.80330E+00
  1.73926E+01  1.46986E+02  5.97998E+00
  1.76561E+01  1.42018E+02  5.92149E+00
  1.79196E+01  1.35654E+02  5.94031E+00
  1.81831E+01  1.31609E+02  5.79239E+00
  1.84467E+01  1.28783E+02  6.03082E+00
  1.87102E+01  1.26670E+02  6.01377E+00
  1.89737E+01  1.20768E+02  6.10802E+00
  1.92372E+01  1.17971E+02  6.07342E+00
  1.95008E+01  1.21059E+02  6.01743E+00
  1.97643E+01  1.24185E+02  6.30815E+00
  2.00278E+01  1.26212E+02  6.41529E+00
  2.02913E+01  1.27297E+02  6.49271E+00
  2.05549E+01  1.33890E+02  6.77555E+00
  2.08184E+01  1.37774E+02  6.93014E+00
  2.10819E+01  1.35559E+02  6.92110E+00
  2.13454E+01  1.30648E+02  6.90363E+00
  2.16090E+01  1.26634E+02  6.82991E+00
  2.18725E+01  1.21777E+02  6.71798E+00
  2.21360E+01  1.15367E+02  6.73113E+00
  2.23995E+01  1.10146E+02  6.90032E+00
  2.26630E+01  1.12854E+02  6.86987E+00
  2.29266E+01  1.16596E+02  7.10442E+00
  2.31901E+01  1.22422E+02  7.01640E+00
  2.34536E+01  1.21153E+02  7.35892E+00
  2.37171E+01  1.20210E+02  7.20784E+00
  2.39807E+01  1.12810E+02  7.36946E+00
  2.42442E+01  1.10096E+02  7.05585E+00
  2.45077E+01  1.06784E+02  7.19100E+00
  2.47712E+01  1.05476E+02  7.21039E+00
  2.50348E+01  1.04711E+02  7.31657E+00
  2.52983E+01  1.03561E+02  7.30427E+00
  2.55618E+01  1.01689E+02  7.36501E+00
  2.58253E+01  9.82855E+01  7.30583E+00
  2.60889E+01  9.50874E+01  7.51133E+00
  2.63524E+01  9.34300E+01  7.42245E+00
  2.66159E+01  9.82542E+01  7.33541E+00
  2.68794E+01  1.02532E+02  7.68691E+00
  2.71430E+01  1.06914E+02  7.65036E+00
  2.74065E+01  1.04771E+02  7.82769E+00
  2.76700E+01  1.01802E+02  8.04040E+00
  2.79335E+01  9.94737E+01  7.85604E+00
  2.81970E+01  9.44713E+01  7.91961E+00
  2.84606E+01  9.44339E+01  7.85130E+00
  2.87241E+01  9.03415E+01  8.00191E+00
  2.89876E+01  8.92302E+01  7.92225E+00
  2.92511E+01  8.35289E+01  7.65058E+00
  2.95147E+01  7.84108E+01  7.81946E+00
  2.97782E+01  7.31494E+01  7.47773E+00
  3.00417E+01  6.61498E+01  7.41132E+00
  3.03052E+01  6.54772E+01  7.10292E+00
  3.05688E+01  6.63329E+01  7.29465E+00
  3.08323E+01  6.88901E+01  7.31972E+00
  3.10958E+01  6.59636E+01  7.25724E+00
  3.13593E+01  6.52225E+01  7.28836E+00
  3.16229E+01  6.28557E+01  7.69786E+00
  3.18864E+01  6.31369E+01  7.63547E+00
  3.21499E+01  5.92953E+01  7.61739E+00
  3.24134E+01  5.77455E+01  7.89107E+00
  3.26770E+01  5.47317E+01  7.57974E+00
  3.29405E+01  5.38267E+01  7.17100E+00
  3.32040E+01  5.40070E+01  7.57938E+00
  3.34675E+01  5.81885E+01  7.64049E+00
  3.37310E+01  5.94852E+01  7.70519E+00
  3.39946E+01  5.89442E+01  7.87837E+00
  3.42581E+01  5.81040E+01  7.43322E+00
  3.45216E+01  5.64993E+01  7.69508E+00
  3.47851E+01  5.84215E+01  7.78414E+00
  3.50487E+01  5.52701E+01  8.12703E+00
  3.53122E+01  5.48144E+01  7.68471E+00
  3.55757E+01  4.87964E+01  7.61171E+00
  3.58392E+01  4.61045E+01  7.24662E+00
  3.61028E+01  4.16009E+01  7.55392E+00
  3.63663E+01  4.36582E+01  7.07479E+00
  3.66298E+01  4.88425E+01  7.67029E+00
  3.68933E+01  4.91895E+01  7.91559E+00
  3.71569E+01  4.69001E+01  7.96634E+00
  3.74204E+01  3.96857E+01  7.36993E+00
  3.76839E+01  3.90288E+01  7.44908E+00
  3.79474E+01  3.44989E+01  7.58912E+00
  3.82110E+01  3.47567E+01  6.90058E+00
  3.84745E+01  3.76560E+01  7.37118E+00
  3.87380E+01  4.14259E+01  7.84610E+00
  3.90015E+01  3.93667E+01  7.60200E+00
  3.92650E+01  3.66153E+01  7.53122E+00
  3.95286E+01  3.63425E+01  7.73762E+00
  3.97921E+01  3.43587E+01  7.56308E+00
  4.00556E+01  2.98286E+01  6.84092E+00
  4.03191E+01  2.55885E+01  7.32766E+00
  4.05827E+01  2.80990E+01  7.08959E+00
  4.08462E+01  2.62042E+01  7.04750E+00
  4.11097E+01  2.60984E+01  6.78688E+00
  4.13732E+01  2.09144E+01  6.65878E+00
  4.16368E+01  1.96022E+01  6.69140E+00
  4.19003E+01  1.82382E+01  6.67812E+00
  4.21638E+01  1.90348E+01  6.78356E+00
  4.24273E+01  2.06647E+01  6.19275E+00
  4.26909E+01  2.16006E+01  7.09773E+00
  4.29544E+01  2.41135E+01  7.03688E+00
  4.32179E+01  2.30589E+01  6.80241E+00
  4.34814E+01  2.03754E+01  6.43595E+00
  4.37450E+01  1.76707E+01  6.82482E+00
  4.40085E+01  1.71330E+01  6.70166E+00
  4.42720E+01  1.67083E+01  6.80837E+00
  4.45355E+01  1.76834E+01  6.69538E+00
  4.47990E+01  1.83107E+01  6.52507E+00
  4.50626E+01  1.83099E+01  6.66782E+00
  4.53261E+01  1.52087E+01  6.38947E+00
  4.55896E+01  1.22053E+01  6.07681E+00
  4.58531E+01  1.01033E+01  6.09352E+00
  4.61167E+01  9.69042E+00  5.77443E+00
  4.63802E+01  7.71474E+00  6.06501E+00
  4.66437E+01  6.23654E+00  5.50543E+00
  4.69072E+01  5.95285E+00  5.41297E+00
  4.71708E+01  9.80825E+00  5.97270E+00
  4.74343E+01  1.22022E+01  6.40020E+00
  4.76978E+01  1.28231E+01  6.11613E+00
  4.79613E+01  1.06522E+01  5.97984E+00
  4.82249E+01  1.05546E+01  6.01774E+00
  4.84884E+01  7.62325E+00  5.86731E+00
  4.87519E+01  6.24646E+00  5.40381E+00
  4.90154E+01  2.84515E+00  5.34050E+00
  4.92790E+01  1.65801E+00  5.17163E+00
  4.95425E+01  2.03488E+00  4.63019E+00
  4.98060E+01  3.44512E+00  5.75678E+00
  5.00695E+01  6.63334E+00  5.17993E+00
  5.03330E+01  4.51605E+00  5.92725E+00
  5.05966E+01  4.53301E+00  4.68262E+00
  5.08601E+01  3.38864E+00  5.48620E+00
  5.11236E+01  6.13590E+00  5.25574E+00
  5.13871E+01  5.11330E+00  5.76581E+00
  5.16507E+01  2.22388E+00  4.88631E+00
  5.19142E+01  1.34119E+00  4.40174E+00
  5.21777E+01  1.18943E+00  5.29156E+00
  5.24412E+01  5.04074E+00  4.95559E+00
  5.27048E+01  3.93405E+00  5.48558E+00
  5.29683E+01  5.81672E+00  5.08609E+00
  5.32318E+01  2.08213E+00  5.28605E+00
  5.34953E+01  5.60536E-01  4.32995E+00
  5.37589E+01 -2.62789E-01  4.24760E+00
  5.40224E+01  1.75594E+00  5.05745E+00
  5.42859E+01  3.38340E+00  5.00031E+00
  5.45494E+01  2.42536E+00  4.73685E+00
  5.48130E+01  1.77131E+00  4.82767E+00
  5.50765E+01 -2.63589E-02  4.43086E+00
  5.53400E+01  6.05933E-01  4.22123E+00
  5.56035E+01  1.90793E+00  4.70103E+00
  5.58670E+01  3.50427E+00  5.16525E+00
  5.61306E+01  4.92426E+00  4.52688E+00
  5.63941E+01  5.00277E+00  5.40743E+00
  5.66576E+01  3.38280E+00  4.91094E+00
  5.69211E+01  1.11872E+00  3.94698E+00
  5.71847E+01  6.38408E-01  4.30024E+00
  5.74482E+01  2.34962E+00  4.77442E+00
  5.77117E+01  2.28517E+00  4.52065E+00
  5.79752E+01  9.28589E-01  4.31617E+00
  5.82388E+01 -5.18739E-01  3.94173E+00
  5.85023E+01  4.17641E-01  3.98127E+00
  5.87658E+01  1.76021E+00  4.37682E+00
  5.90293E+01  3.21977E+00  4.82037E+00
  5.92929E+01  1.33403E+00  4.13391E+00
  5.95564E+01  1.77365E+00  3.94200E+00
  5.98199E+01  2.02660E+00  4.42361E+00
  6.00834E+01  2.61398E+00  4.72264E+00
  6.03470E+01 -2.37017E-01  3.56959E+00
  6.06105E+01  1.26718E+00  3.38684E+00
  6.08740E+01  3.33115E+00  4.94559E+00
  6.11375E+01  3.89993E+00  4.79207E+00
  6.14010E+01  3.14498E+00  3.46140E+00
  6.16646E+01  1.94122E+00  4.57495E+00
  6.19281E+01  3.64751E+00  4.24223E+00
  6.21916E+01  2.18846E+00  4.13827E+00
  6.24551E+01  1.96362E+00  4.02362E+00
  6.27187E+01  3.93190E-01  3.75754E+00
  6.29822E+01  2.07683E-01  3.48047E+00
  6.32457E+01  1.04892E+00  3.55261E+00
  6.35092E+01  3.76906E+00  4.38663E+00
  6.37728E+01  4.59150E+00  4.64105E+00
  6.40363E+01  5.16427E+00  4.16841E+00
  6.42998E+01  5.65402E+00  4.46390E+00
  6.45633E+01  5.84683E+00  4.94005E+00
  6.48269E+01  6.70617E+00  4.11903E+00
  6.50904E+01  6.39487E+00  4.89273E+00
  6.53539E+01  5.13221E+00  4.70080E+00
  6.56174E+01  2.77402E+00  3.33074E+00
  6.58810E+01  5.20564E-01  3.51759E+00
