  0.00000E+00  1.44747E-02  0.00000E+00
  2.63548E-01  4.77189E-02  7.49928E-03
  5.27095E-01  1.49968E-01  1.99968E-02
  7.90643E-01  3.42676E-01  2.94145E-02
  1.05419E+00  6.06621E-01  3.98335E-02
  1.31774E+00  8.91654E-01  5.27565E-02
  1.58129E+00  1.16653E+00  6.59751E-02
  1.84483E+00  1.45465E+00  8.41543E-02
  2.10838E+00  1.77784E+00  1.04388E-01
  2.37193E+00  2.10371E+00  1.24078E-01
  2.63548E+00  2.43912E+00  1.49006E-01
  2.89902E+00  2.90418E+00  1.75600E-01
  3.16257E+00  3.45037E+00  2.06147E-01
  3.42612E+00  3.99729E+00  2.39247E-01
  3.68967E+00  4.53256E+00  2.75890E-01
  3.95321E+00  5.12997E+00  3.13994E-01
  4.21676E+00  5.82179E+00  3.49224E-01
  4.48031E+00  6.62751E+00  3.92095E-01
  4.74386E+00  7.70186E+00  4.40848E-01
  5.00740E+00  8.72684E+00  4.98499E-01
  5.27095E+00  9.64621E+00  5.44732E-01
  5.53450E+00  1.05742E+01  5.86839E-01
  5.79805E+00  1.17206E+01  6.52801E-01
  6.06160E+00  1.29227E+01  7.08086E-01
  6.32514E+00  1.39171E+01  7.58225E-01
  6.58869E+00  1.50566E+01  8.21172E-01
  6.85224E+00  1.65426E+01  9.09065E-01
  7.11579E+00  1.82921E+01  9.78743E-01
  7.37933E+00  2.08525E+01  1.05723E+00
  7.64288E+00  2.28295E+01  1.18001E+00
  7.90643E+00  2.44240E+01  1.24735E+00
  8.16998E+00  2.53424E+01  1.29884E+00
  8.43352E+00  2.66377E+01  1.36443E+00
  8.69707E+00  2.85072E+01  1.44993E+00
  8.96062E+00  3.02566E+01  1.53735E+00
  9.22417E+00  3.28473E+01  1.61951E+00
  9.48771E+00  3.58277E+01  1.77719E+00
  9.75126E+00  3.86376E+01  1.88968E+00
  1.00148E+01  4.11678E+01  1.95612E+00
  1.02784E+01  4.40759E+01  2.11218E+00
  1.05419E+01  4.80212E+01  2.25395E+00
  1.08055E+01  5.25994E+01  2.40393E+00
  1.10690E+01  5.77940E+01  2.54612E+00
  1.13325E+01  6.32615E+01  2.70061E+00
  1.15961E+01  6.74670E+01  2.88833E+00
  1.18596E+01  7.19334E+01  2.96374E+00
  1.21232E+01  7.73941E+01  3.13072E+00
  1.23867E+01  8.26214E+01  3.35287E+00
  1.26503E+01  8.65321E+01  3.47143E+00
  1.29138E+01  9.20409E+01  3.62175E+00
  1.31774E+01  9.94169E+01  3.87390E+00
  1.34409E+01  1.05423E+02  4.04375E+00
  1.37045E+01  1.08702E+02  4.17449E+00
  1.39680E+01  1.12679E+02  4.24250E+00
  1.42316E+01  1.17189E+02  4.45096E+00
  1.44951E+01  1.20100E+02  4.59476E+00
  1.47587E+01  1.23212E+02  4.75577E+00
  1.50222E+01  1.25950E+02  4.92111E+00
  1.52858E+01  1.29355E+02  4.95343E+00
  1.55493E+01  1.30343E+02  5.14952E+00
  1.58129E+01  1.31291E+02  5.26854E+00
  1.60764E+01  1.30465E+02  5.29000E+00
  1.63400E+01  1.29563E+02  5.35534E+00
  1.66035E+01  1.31416E+02  5.53708E+00
  1.68670E+01  1.37550E+02  5.67016E+00
  1.71306E+01  1.43961E+02  5.84475E+00
  1.73941E+01  1.45285E+02  6.09758E+00
  1.76577E+01  1.41078E+02  6.10504E+00
  1.79212E+01  1.34932E+02  5.99982E+00
  1.81848E+01  1.30573E+02  5.96345E+00
  1.84483E+01  1.29115E+02  5.94546E+00
  1.87119E+01  1.27628E+02  5.98202E+00
  1.89754E+01  1.26301E+02  6.05775E+00
  1.92390E+01  1.24050E+02  6.12438E+00
  1.95025E+01  1.22062E+02  6.20127E+00
  1.97661E+01  1.20689E+02  6.28252E+00
  2.00296E+01  1.22905E+02  6.29074E+00
  2.02932E+01  1.28178E+02  6.50525E+00
  2.05567E+01  1.33287E+02  6.71799E+00
  2.08203E+01  1.34539E+02  6.81489E+00
  2.10838E+01  1.30770E+02  6.80093E+00
  2.13474E+01  1.26208E+02  6.77294E+00
  2.16109E+01  1.19616E+02  6.86670E+00
  2.18745E+01  1.13718E+02  6.72397E+00
  2.21380E+01  1.09896E+02  6.50643E+00
  2.24015E+01  1.07995E+02  6.59543E+00
  2.26651E+01  1.10573E+02  6.80780E+00
  2.29286E+01  1.14550E+02  6.90374E+00
  2.31922E+01  1.19508E+02  7.10000E+00
  2.34557E+01  1.19639E+02  7.21520E+00
  2.37193E+01  1.14206E+02  7.31065E+00
  2.39828E+01  1.11242E+02  7.20026E+00
  2.42464E+01  1.12496E+02  7.23648E+00
  2.45099E+01  1.12027E+02  7.51471E+00
  2.47735E+01  1.06502E+02  7.37266E+00
  2.50370E+01  1.00443E+02  7.13984E+00
  2.53006E+01  1.00748E+02  7.13808E+00
  2.55641E+01  1.02383E+02  7.24630E+00
  2.58277E+01  1.02213E+02  7.39873E+00
  2.60912E+01  9.96300E+01  7.45533E+00
  2.63548E+01  1.00082E+02  7.56041E+00
  2.66183E+01  1.01311E+02  7.76244E+00
  2.68819E+01  1.01887E+02  7.81887E+00
  2.71454E+01  1.03835E+02  7.92854E+00
  2.74090E+01  1.04575E+02  8.14512E+00
  2.76725E+01  1.06797E+02  8.01117E+00
  2.79360E+01  1.05063E+02  8.08459E+00
  2.81996E+01  1.01930E+02  8.26278E+00
  2.84631E+01  1.00293E+02  8.12723E+00
  2.87267E+01  9.60454E+01  8.04837E+00
  2.89902E+01  9.11987E+01  7.96758E+00
  2.92538E+01  8.20953E+01  7.80915E+00
  2.95173E+01  7.66135E+01  7.57808E+00
  2.97809E+01  7.25833E+01  7.62621E+00
  3.00444E+01  6.93934E+01  7.41362E+00
  3.03080E+01  6.54831E+01  7.39123E+00
  3.05715E+01  6.27292E+01  7.40298E+00
  3.08351E+01  6.10735E+01  7.34874E+00
  3.10986E+01  5.93835E+01  7.34018E+00
  3.13622E+01  5.90763E+01  7.31292E+00
  3.16257E+01  6.00771E+01  7.51465E+00
  3.18893E+01  6.06457E+01  7.54813E+00
  3.21528E+01  6.06362E+01  7.36645E+00
  3.24164E+01  5.80575E+01  7.33497E+00
  3.26799E+01  5.67751E+01  7.32563E+00
  3.29435E+01  5.38029E+01  7.48322E+00
  3.32070E+01  5.13627E+01  7.38906E+00
  3.34705E+01  5.05718E+01  7.44625E+00
  3.37341E+01  5.18984E+01  7.46507E+00
  3.39976E+01  5.74152E+01  7.44983E+00
  3.42612E+01  6.04686E+01  7.87019E+00
  3.45247E+01  5.83350E+01  7.89856E+00
  3.47883E+01  5.25017E+01  7.57014E+00
  3.50518E+01  4.74385E+01  7.60388E+00
  3.53154E+01  4.75017E+01  7.56238E+00
  3.55789E+01  4.92509E+01  7.59028E+00
  3.58425E+01  4.81455E+01  7.58685E+00
  3.61060E+01  4.38544E+01  7.13334E+00
  3.63696E+01  3.83911E+01  7.04758E+00
  3.66331E+01  3.70103E+01  7.10954E+00
  3.68967E+01  3.98984E+01  7.43468E+00
  3.71602E+01  4.26637E+01  7.27842E+00
  3.74238E+01  4.21366E+01  7.32771E+00
  3.76873E+01  3.93459E+01  7.45902E+00
  3.79509E+01  3.88007E+01  7.60271E+00
  3.82144E+01  3.98294E+01  7.94762E+00
  3.84780E+01  3.99321E+01  7.82498E+00
  3.87415E+01  3.76332E+01  7.58006E+00
  3.90050E+01  3.42337E+01  7.17886E+00
  3.92686E+01  3.45329E+01  7.09996E+00
  3.95321E+01  3.69296E+01  7.62359E+00
  3.97957E+01  4.00711E+01  7.70510E+00
  4.00592E+01  3.88569E+01  7.67145E+00
  4.03228E+01  3.35140E+01  7.58229E+00
  4.05863E+01  3.03265E+01  7.20795E+00
  4.08499E+01  2.80787E+01  7.40856E+00
  4.11134E+01  2.84357E+01  7.17449E+00
  4.13770E+01  2.49004E+01  7.14356E+00
  4.16405E+01  2.30326E+01  6.95344E+00
  4.19041E+01  2.14635E+01  6.89717E+00
  4.21676E+01  1.90517E+01  6.75130E+00
  4.24312E+01  1.92076E+01  6.63570E+00
  4.26947E+01  2.07703E+01  6.97286E+00
  4.29583E+01  2.50236E+01  7.07873E+00
  4.32218E+01  2.42120E+01  7.08639E+00
  4.34854E+01  2.01750E+01  6.85844E+00
  4.37489E+01  1.91753E+01  6.65639E+00
  4.40125E+01  2.04633E+01  6.90615E+00
  4.42760E+01  2.22275E+01  6.87747E+00
  4.45395E+01  1.85127E+01  6.83339E+00
  4.48031E+01  1.54737E+01  6.77095E+00
  4.50666E+01  1.36473E+01  6.37068E+00
  4.53302E+01  1.52458E+01  6.43063E+00
  4.55937E+01  1.48777E+01  6.46276E+00
  4.58573E+01  1.35053E+01  6.29679E+00
  4.61208E+01  1.03915E+01  6.03852E+00
  4.63844E+01  8.79128E+00  5.80313E+00
  4.66479E+01  1.01426E+01  5.93175E+00
  4.69115E+01  1.18361E+01  6.27784E+00
  4.71750E+01  1.14222E+01  6.15823E+00
  4.74386E+01  8.85327E+00  5.77672E+00
  4.77021E+01  6.84014E+00  5.69555E+00
  4.79657E+01  7.51856E+00  5.67345E+00
  4.82292E+01  8.83968E+00  5.88541E+00
  4.84928E+01  9.33032E+00  5.99502E+00
  4.87563E+01  8.87121E+00  5.75148E+00
  4.90199E+01  9.01803E+00  5.78781E+00
  4.92834E+01  9.44886E+00  6.00961E+00
  4.95470E+01  8.90657E+00  5.80905E+00
  4.98105E+01  7.29647E+00  5.60355E+00
  5.00740E+01  6.57691E+00  5.55961E+00
  5.03376E+01  6.25282E+00  5.58457E+00
  5.06011E+01  5.78041E+00  5.44760E+00
  5.08647E+01  4.59854E+00  5.37124E+00
  5.11282E+01  6.01588E+00  5.25429E+00
  5.13918E+01  6.35425E+00  5.78187E+00
  5.16553E+01  6.63066E+00  5.40098E+00
  5.19189E+01  5.57928E+00  5.34666E+00
  5.21824E+01  5.74985E+00  5.40169E+00
  5.24460E+01  5.80008E+00  5.47208E+00
  5.27095E+01  2.18194E+00  5.12968E+00
  5.29731E+01 -9.20814E-02  4.24749E+00
  5.32366E+01  1.63498E+00  4.70512E+00
  5.35002E+01  5.40023E+00  5.61572E+00
  5.37637E+01  7.54027E+00  5.42419E+00
  5.40273E+01  5.53760E+00  5.31536E+00
  5.42908E+01  2.44064E+00  4.96113E+00
  5.45544E+01  3.94168E-02  4.31731E+00
  5.48179E+01 -4.23187E-01  4.38718E+00
  5.50815E+01  9.18906E-01  4.75472E+00
  5.53450E+01  2.67756E+00  4.71798E+00
  5.56085E+01  3.76237E+00  5.00139E+00
  5.58721E+01  2.85028E+00  5.04640E+00
  5.61356E+01  2.16937E+00  4.34843E+00
  5.63992E+01  2.47495E+00  4.72141E+00
  5.66627E+01  3.41794E+00  5.07401E+00
  5.69263E+01  3.71030E+00  4.64125E+00
  5.71898E+01  3.16061E+00  4.73274E+00
  5.74534E+01  3.03111E+00  4.86449E+00
  5.77169E+01  2.38119E+00  4.48041E+00
  5.79805E+01  5.11317E-01  4.35557E+00
  5.82440E+01  2.86856E-02  4.05006E+00
  5.85076E+01  1.01596E+00  4.22290E+00
  5.87711E+01  2.80250E+00  4.66290E+00
  5.90347E+01  3.72727E+00  4.76218E+00
  5.92982E+01  2.88952E+00  4.48719E+00
  5.95618E+01  2.75596E+00  4.35400E+00
  5.98253E+01  3.40098E+00  4.61490E+00
  6.00889E+01  3.78030E+00  4.69764E+00
  6.03524E+01  3.65097E+00  4.42926E+00
  6.06160E+01  3.62139E+00  4.54060E+00
  6.08795E+01  3.79200E+00  4.61570E+00
  6.11430E+01  2.74488E+00  4.40173E+00
  6.14066E+01  2.68016E+00  4.03797E+00
  6.16701E+01  4.44078E+00  4.59718E+00
  6.19337E+01  5.89438E+00  5.05846E+00
  6.21972E+01  6.28290E+00  4.62380E+00
  6.24608E+01  5.22291E+00  4.72603E+00
  6.27243E+01  4.19350E+00  4.55195E+00
  6.29879E+01  3.63515E+00  4.13873E+00
  6.32514E+01  3.52105E+00  4.34452E+00
  6.35150E+01  4.63918E+00  4.52448E+00
  6.37785E+01  3.48660E+00  4.44350E+00
  6.40421E+01  1.45290E+00  3.74912E+00
  6.43056E+01  1.92303E+00  3.44597E+00
  6.45692E+01  4.57287E+00  4.69052E+00
  6.48327E+01  6.81778E+00  4.88444E+00
  6.50963E+01  7.12552E+00  4.62087E+00
  6.53598E+01  6.37287E+00  4.76076E+00
  6.56234E+01  6.17278E+00  4.59968E+00
  6.58869E+01  5.52943E+00  4.37319E+00
