  0.00000E+00  1.79785E-02  0.00000E+00
  2.63524E-01  5.80466E-02  7.22909E-03
  5.27048E-01  1.52684E-01  2.11552E-02
  7.90571E-01  3.10017E-01  3.01026E-02
  1.05410E+00  5.44264E-01  3.79074E-02
  1.31762E+00  8.49461E-01  4.98348E-02
  1.58114E+00  1.19355E+00  6.61475E-02
  1.84467E+00  1.57280E+00  8.56596E-02
  2.10819E+00  1.91562E+00  1.09465E-01
  2.37171E+00  2.21871E+00  1.30275E-01
  2.63524E+00  2.56292E+00  1.53664E-01
  2.89876E+00  2.99333E+00  1.84660E-01
  3.16229E+00  3.56310E+00  2.09428E-01
  3.42581E+00  4.12765E+00  2.42896E-01
  3.68933E+00  4.81636E+00  2.83448E-01
  3.95286E+00  5.53841E+00  3.14382E-01
  4.21638E+00  6.17953E+00  3.53864E-01
  4.47990E+00  6.78369E+00  3.97948E-01
  4.74343E+00  7.34099E+00  4.47962E-01
  5.00695E+00  8.23493E+00  4.94477E-01
  5.27048E+00  9.46462E+00  5.31554E-01
  5.53400E+00  1.05945E+01  5.93533E-01
  5.79752E+00  1.14111E+01  6.52928E-01
  6.06105E+00  1.25544E+01  7.05980E-01
  6.32457E+00  1.45121E+01  7.85933E-01
  6.58810E+00  1.63309E+01  8.62204E-01
  6.85162E+00  1.75794E+01  9.08945E-01
  7.11514E+00  1.84038E+01  9.83583E-01
  7.37867E+00  1.94084E+01  1.05107E+00
  7.64219E+00  2.08061E+01  1.11011E+00
  7.90571E+00  2.23553E+01  1.19287E+00
  8.16924E+00  2.44096E+01  1.30411E+00
  8.43276E+00  2.62052E+01  1.38897E+00
  8.69629E+00  2.80129E+01  1.49114E+00
  8.95981E+00  3.05336E+01  1.58238E+00
  9.22333E+00  3.34783E+01  1.67174E+00
  9.48686E+00  3.59827E+01  1.78357E+00
  9.75038E+00  3.84023E+01  1.90264E+00
  1.00139E+01  4.18534E+01  2.02378E+00
  1.02774E+01  4.51748E+01  2.15345E+00
  1.05410E+01  4.90313E+01  2.25898E+00
  1.08045E+01  5.36379E+01  2.42944E+00
  1.10680E+01  5.93774E+01  2.60633E+00
  1.13315E+01  6.42689E+01  2.74766E+00
  1.15950E+01  6.81228E+01  2.87957E+00
  1.18586E+01  7.32961E+01  3.00244E+00
  1.21221E+01  7.93739E+01  3.21850E+00
  1.23856E+01  8.70944E+01  3.41675E+00
  1.26491E+01  9.36576E+01  3.61311E+00
  1.29127E+01  9.93607E+01  3.75540E+00
  1.31762E+01  1.04305E+02  3.96054E+00
  1.34397E+01  1.09926E+02  4.12144E+00
  1.37032E+01  1.16118E+02  4.30073E+00
  1.39668E+01  1.22793E+02  4.54028E+00
  1.42303E+01  1.29703E+02  4.76203E+00
  1.44938E+01  1.36062E+02  4.93283E+00
  1.47573E+01  1.42015E+02  5.19092E+00
  1.50209E+01  1.45840E+02  5.26351E+00
  1.52844E+01  1.46899E+02  5.37529E+00
  1.55479E+01  1.44795E+02  5.43195E+00
  1.58114E+01  1.40177E+02  5.43995E+00
  1.60750E+01  1.36919E+02  5.37750E+00
  1.63385E+01  1.36461E+02  5.41841E+00
  1.66020E+01  1.38935E+02  5.65940E+00
  1.68655E+01  1.45535E+02  5.73732E+00
  1.71290E+01  1.50995E+02  6.02391E+00
  1.73926E+01  1.51184E+02  6.10202E+00
  1.76561E+01  1.46556E+02  5.96112E+00
  1.79196E+01  1.40545E+02  5.98084E+00
  1.81831E+01  1.36932E+02  6.07577E+00
  1.84467E+01  1.32270E+02  6.03561E+00
  1.87102E+01  1.28996E+02  6.06158E+00
  1.89737E+01  1.26378E+02  6.19240E+00
  1.92372E+01  1.23061E+02  6.09811E+00
  1.95008E+01  1.20926E+02  6.07859E+00
  1.97643E+01  1.21052E+02  6.31134E+00
  2.00278E+01  1.25033E+02  6.48093E+00
  2.02913E+01  1.31836E+02  6.65028E+00
  2.05549E+01  1.40898E+02  6.89585E+00
  2.08184E+01  1.48327E+02  7.12977E+00
  2.10819E+01  1.48318E+02  7.21124E+00
  2.13454E+01  1.42165E+02  7.13705E+00
  2.16090E+01  1.31127E+02  7.06261E+00
  2.18725E+01  1.19938E+02  6.71639E+00
  2.21360E+01  1.13880E+02  6.71148E+00
  2.23995E+01  1.14614E+02  6.80390E+00
  2.26630E+01  1.19963E+02  7.04776E+00
  2.29266E+01  1.23577E+02  7.18357E+00
  2.31901E+01  1.23426E+02  7.27168E+00
  2.34536E+01  1.21728E+02  7.22683E+00
  2.37171E+01  1.18376E+02  7.24754E+00
  2.39807E+01  1.16080E+02  7.35148E+00
  2.42442E+01  1.11454E+02  7.20387E+00
  2.45077E+01  1.06105E+02  7.21225E+00
  2.47712E+01  1.02309E+02  7.18615E+00
  2.50348E+01  1.03432E+02  7.30179E+00
  2.52983E+01  1.07995E+02  7.52419E+00
  2.55618E+01  1.07779E+02  7.73003E+00
  2.58253E+01  1.03556E+02  7.36365E+00
  2.60889E+01  9.81434E+01  7.55205E+00
  2.63524E+01  9.82690E+01  7.61679E+00
  2.66159E+01  9.97205E+01  7.66076E+00
  2.68794E+01  1.00795E+02  7.65923E+00
  2.71430E+01  9.85748E+01  7.73854E+00
  2.74065E+01  9.62384E+01  7.80244E+00
  2.76700E+01  9.76712E+01  7.97874E+00
  2.79335E+01  9.42652E+01  8.08623E+00
  2.81970E+01  8.83506E+01  7.56506E+00
  2.84606E+01  8.20963E+01  7.59648E+00
  2.87241E+01  8.29898E+01  7.91868E+00
  2.89876E+01  8.44651E+01  7.83541E+00
  2.92511E+01  7.94351E+01  7.76956E+00
  2.95147E+01  7.45671E+01  7.55475E+00
  2.97782E+01  7.12412E+01  7.71772E+00
  3.00417E+01  6.97608E+01  7.67163E+00
  3.03052E+01  6.79884E+01  7.54956E+00
  3.05688E+01  6.48025E+01  7.56225E+00
  3.08323E+01  6.18839E+01  7.74965E+00
  3.10958E+01  5.92869E+01  7.45671E+00
  3.13593E+01  5.91162E+01  7.48456E+00
  3.16229E+01  6.01460E+01  7.57536E+00
  3.18864E+01  6.11481E+01  7.46393E+00
  3.21499E+01  6.06152E+01  7.41627E+00
  3.24134E+01  5.63133E+01  7.54405E+00
  3.26770E+01  5.34494E+01  7.45138E+00
  3.29405E+01  5.43205E+01  7.41882E+00
  3.32040E+01  5.65689E+01  7.70117E+00
  3.34675E+01  5.83400E+01  7.62427E+00
  3.37310E+01  5.55027E+01  7.80962E+00
  3.39946E+01  5.27422E+01  7.75325E+00
  3.42581E+01  4.96156E+01  7.63981E+00
  3.45216E+01  4.72896E+01  7.75469E+00
  3.47851E+01  5.20759E+01  7.69855E+00
  3.50487E+01  5.87840E+01  8.12707E+00
  3.53122E+01  6.21229E+01  8.29291E+00
  3.55757E+01  5.75023E+01  7.77753E+00
  3.58392E+01  4.85720E+01  7.78201E+00
  3.61028E+01  4.12610E+01  7.56585E+00
  3.63663E+01  3.88601E+01  7.56102E+00
  3.66298E+01  3.92676E+01  7.50225E+00
  3.68933E+01  3.72621E+01  7.70683E+00
  3.71569E+01  3.33123E+01  7.27284E+00
  3.74204E+01  2.85152E+01  7.20799E+00
  3.76839E+01  2.85143E+01  6.83345E+00
  3.79474E+01  3.05283E+01  7.32968E+00
  3.82110E+01  3.47766E+01  7.69550E+00
  3.84745E+01  3.77002E+01  7.70119E+00
  3.87380E+01  3.74903E+01  7.88404E+00
  3.90015E+01  3.62673E+01  7.36034E+00
  3.92650E+01  3.45408E+01  7.42726E+00
  3.95286E+01  3.10152E+01  7.27542E+00
  3.97921E+01  2.36587E+01  7.01844E+00
  4.00556E+01  1.84142E+01  6.63060E+00
  4.03191E+01  1.88573E+01  6.81388E+00
  4.05827E+01  2.26096E+01  7.27818E+00
  4.08462E+01  2.47289E+01  7.57012E+00
  4.11097E+01  2.34184E+01  7.19336E+00
  4.13732E+01  2.16919E+01  6.74486E+00
  4.16368E+01  2.13780E+01  7.12162E+00
  4.19003E+01  1.88889E+01  6.86789E+00
  4.21638E+01  1.60035E+01  6.50122E+00
  4.24273E+01  1.55829E+01  6.39177E+00
  4.26909E+01  1.63552E+01  6.82042E+00
  4.29544E+01  1.67073E+01  6.50107E+00
  4.32179E+01  1.50839E+01  6.43343E+00
  4.34814E+01  1.53290E+01  6.61475E+00
  4.37450E+01  1.58885E+01  6.52820E+00
  4.40085E+01  1.70574E+01  6.24292E+00
  4.42720E+01  1.78974E+01  6.33967E+00
  4.45355E+01  1.50413E+01  6.66129E+00
  4.47990E+01  1.24731E+01  6.04587E+00
  4.50626E+01  9.68598E+00  6.23918E+00
  4.53261E+01  9.37898E+00  6.07247E+00
  4.55896E+01  6.27639E+00  5.78440E+00
  4.58531E+01  1.68013E+00  5.42257E+00
  4.61167E+01 -1.59417E-01  4.90889E+00
  4.63802E+01  1.60999E+00  5.30107E+00
  4.66437E+01  6.91978E+00  5.88573E+00
  4.69072E+01  8.24513E+00  6.13810E+00
  4.71708E+01  7.27261E+00  5.62325E+00
  4.74343E+01  5.93799E+00  5.65311E+00
  4.76978E+01  7.00020E+00  5.81956E+00
  4.79613E+01  7.17518E+00  5.87857E+00
  4.82249E+01  5.41682E+00  5.56375E+00
  4.84884E+01  5.28239E+00  5.45736E+00
  4.87519E+01  5.88085E+00  5.69376E+00
  4.90154E+01  8.50760E+00  5.87594E+00
  4.92790E+01  9.84809E+00  5.90561E+00
  4.95425E+01  9.63200E+00  6.22891E+00
  4.98060E+01  7.29909E+00  5.49456E+00
  5.00695E+01  4.18673E+00  5.49754E+00
  5.03330E+01  4.10126E+00  5.11412E+00
  5.05966E+01  6.54738E+00  5.67522E+00
  5.08601E+01  8.91195E+00  5.93428E+00
  5.11236E+01  8.65757E+00  5.84508E+00
  5.13871E+01  6.33804E+00  5.44218E+00
  5.16507E+01  3.22016E+00  5.27216E+00
  5.19142E+01  2.32250E+00  4.83714E+00
  5.21777E+01  1.74890E+00  5.10653E+00
  5.24412E+01  3.04912E+00  4.98179E+00
  5.27048E+01  2.28095E+00  5.20989E+00
  5.29683E+01  8.18098E-01  4.66583E+00
  5.32318E+01  1.26930E-01  4.53243E+00
  5.34953E+01 -3.84948E-01  4.77691E+00
  5.37589E+01  1.59184E+00  4.58406E+00
  5.40224E+01  2.48107E+00  4.97501E+00
  5.42859E+01  4.39768E+00  5.22404E+00
  5.45494E+01  4.65115E+00  4.99269E+00
  5.48130E+01  2.47554E+00  5.14708E+00
  5.50765E+01  1.28045E+00  4.13639E+00
  5.53400E+01  1.81940E+00  4.73624E+00
  5.56035E+01  4.93222E+00  5.15544E+00
  5.58670E+01  6.49295E+00  5.31797E+00
  5.61306E+01  5.24588E+00  5.13683E+00
  5.63941E+01  3.00190E+00  4.65572E+00
  5.66576E+01  2.54659E+00  4.48775E+00
  5.69211E+01  2.73056E+00  4.85746E+00
  5.71847E+01  4.91657E+00  4.68130E+00
  5.74482E+01  4.49742E+00  5.17973E+00
  5.77117E+01  3.73113E+00  4.57476E+00
  5.79752E+01  3.66897E+00  4.43779E+00
  5.82388E+01  3.53181E+00  4.97238E+00
  5.85023E+01  4.04910E+00  4.57767E+00
  5.87658E+01  2.35394E+00  4.37785E+00
  5.90293E+01  2.03940E+00  4.32883E+00
  5.92929E+01  1.47701E+00  4.32367E+00
  5.95564E+01  1.31957E+00  4.00134E+00
  5.98199E+01  1.08152E+00  4.23180E+00
  6.00834E+01  1.36169E+00  4.04577E+00
  6.03470E+01  1.22548E+00  4.11231E+00
  6.06105E+01  1.49696E+00  4.02125E+00
  6.08740E+01  2.06309E+00  4.15306E+00
  6.11375E+01  1.48374E+00  4.25269E+00
  6.14010E+01  1.89321E+00  3.69643E+00
  6.16646E+01  1.64918E+00  4.23170E+00
  6.19281E+01  2.63261E+00  4.20407E+00
  6.21916E+01  2.99598E+00  3.98579E+00
  6.24551E+01  3.48749E+00  4.52768E+00
  6.27187E+01  3.99805E+00  4.19975E+00
  6.29822E+01  4.76270E+00  4.37988E+00
  6.32457E+01  4.53368E+00  4.64285E+00
  6.35092E+01  3.62934E+00  4.12892E+00
  6.37728E+01  3.30043E+00  3.80764E+00
  6.40363E+01  3.39409E+00  4.50451E+00
  6.42998E+01  5.42518E+00  4.12617E+00
  6.45633E+01  4.68052E+00  4.74130E+00
  6.48269E+01  5.00503E+00  4.03688E+00
  6.50904E+01  4.62215E+00  4.34675E+00
  6.53539E+01  4.20547E+00  4.39524E+00
  6.56174E+01  5.28237E+00  3.90312E+00
  6.58810E+01  4.89103E+00  4.73526E+00
