  0.00000E+00  1.36041E-02  0.00000E+00
  2.63571E-01  4.41561E-02  7.49909E-03
  5.27143E-01  1.38548E-01  2.03436E-02
  7.90714E-01  3.17762E-01  3.04432E-02
  1.05429E+00  5.63192E-01  3.94828E-02
  1.31786E+00  8.32140E-01  5.10662E-02
  1.58143E+00  1.09166E+00  6.75600E-02
  1.84500E+00  1.34802E+00  8.22781E-02
  2.10857E+00  1.63795E+00  1.01679E-01
  2.37214E+00  1.93281E+00  1.27463E-01
  2.63571E+00  2.25790E+00  1.48422E-01
  2.89929E+00  2.62974E+00  1.73441E-01
  3.16286E+00  3.07120E+00  2.03120E-01
  3.42643E+00  3.61784E+00  2.39195E-01
  3.69000E+00  4.33816E+00  2.76149E-01
  3.95357E+00  5.04052E+00  3.13943E-01
  4.21714E+00  5.67952E+00  3.53343E-01
  4.48071E+00  6.40478E+00  4.00966E-01
  4.74429E+00  7.22975E+00  4.49369E-01
  5.00786E+00  8.34569E+00  4.90022E-01
  5.27143E+00  9.22910E+00  5.47361E-01
  5.53500E+00  1.03210E+01  5.98102E-01
  5.79857E+00  1.13736E+01  6.51082E-01
  6.06214E+00  1.25616E+01  7.12527E-01
  6.32571E+00  1.40210E+01  7.90646E-01
  6.58929E+00  1.55679E+01  8.57264E-01
  6.85286E+00  1.68378E+01  9.06444E-01
  7.11643E+00  1.76887E+01  9.72181E-01
  7.38000E+00  1.89489E+01  1.05145E+00
  7.64357E+00  2.08650E+01  1.13432E+00
  7.90714E+00  2.29376E+01  1.22646E+00
  8.17071E+00  2.47407E+01  1.29341E+00
  8.43429E+00  2.63604E+01  1.37593E+00
  8.69786E+00  2.80213E+01  1.47363E+00
  8.96143E+00  3.03834E+01  1.58789E+00
  9.22500E+00  3.31924E+01  1.69858E+00
  9.48857E+00  3.60232E+01  1.81944E+00
  9.75214E+00  3.91728E+01  1.92749E+00
  1.00157E+01  4.29090E+01  2.05811E+00
  1.02793E+01  4.69462E+01  2.21800E+00
  1.05429E+01  5.09399E+01  2.33359E+00
  1.08064E+01  5.45109E+01  2.44395E+00
  1.10700E+01  5.76385E+01  2.60900E+00
  1.13336E+01  5.99744E+01  2.73490E+00
  1.15971E+01  6.22227E+01  2.86574E+00
  1.18607E+01  6.42427E+01  2.95837E+00
  1.21243E+01  6.73430E+01  3.04156E+00
  1.23879E+01  7.04297E+01  3.21929E+00
  1.26514E+01  7.51320E+01  3.38058E+00
  1.29150E+01  7.89443E+01  3.43283E+00
  1.31786E+01  8.03339E+01  3.57593E+00
  1.34421E+01  8.07785E+01  3.67798E+00
  1.37057E+01  7.94265E+01  3.70181E+00
  1.39693E+01  7.78940E+01  3.73983E+00
  1.42329E+01  7.69086E+01  3.76008E+00
  1.44964E+01  7.62864E+01  3.88410E+00
  1.47600E+01  7.87124E+01  3.98400E+00
  1.50236E+01  8.23763E+01  4.12674E+00
  1.52871E+01  8.67741E+01  4.32544E+00
  1.55507E+01  9.18576E+01  4.46828E+00
  1.58143E+01  9.65226E+01  4.65114E+00
  1.60779E+01  1.03289E+02  4.87676E+00
  1.63414E+01  1.10079E+02  5.16454E+00
  1.66050E+01  1.15716E+02  5.36447E+00
  1.68686E+01  1.22952E+02  5.55669E+00
  1.71321E+01  1.29698E+02  5.81345E+00
  1.73957E+01  1.34650E+02  5.89173E+00
  1.76593E+01  1.36055E+02  5.92982E+00
  1.79229E+01  1.34613E+02  6.09946E+00
  1.81864E+01  1.29713E+02  6.07132E+00
  1.84500E+01  1.23047E+02  5.89593E+00
  1.87136E+01  1.17291E+02  5.91004E+00
  1.89771E+01  1.15571E+02  5.98515E+00
  1.92407E+01  1.15495E+02  6.08513E+00
  1.95043E+01  1.16299E+02  6.11853E+00
  1.97679E+01  1.16595E+02  6.19511E+00
  2.00314E+01  1.15548E+02  6.23069E+00
  2.02950E+01  1.09595E+02  6.28997E+00
  2.05586E+01  1.05134E+02  6.17525E+00
  2.08221E+01  1.02936E+02  6.23276E+00
  2.10857E+01  1.00761E+02  6.29233E+00
  2.13493E+01  9.52619E+01  6.17276E+00
  2.16129E+01  8.84238E+01  6.01899E+00
  2.18764E+01  8.53038E+01  5.84999E+00
  2.21400E+01  8.36623E+01  5.91525E+00
  2.24036E+01  8.53476E+01  6.02809E+00
  2.26671E+01  9.11235E+01  6.33925E+00
  2.29307E+01  1.01571E+02  6.70463E+00
  2.31943E+01  1.09807E+02  6.94995E+00
  2.34579E+01  1.10360E+02  7.23201E+00
  2.37214E+01  1.08600E+02  7.20457E+00
  2.39850E+01  1.11373E+02  7.40343E+00
  2.42486E+01  1.17419E+02  7.58390E+00
  2.45121E+01  1.18762E+02  7.65587E+00
  2.47757E+01  1.14381E+02  7.58125E+00
  2.50393E+01  1.08614E+02  7.57791E+00
  2.53029E+01  1.05055E+02  7.41840E+00
  2.55664E+01  1.00984E+02  7.42230E+00
  2.58300E+01  9.97639E+01  7.41648E+00
  2.60936E+01  1.01593E+02  7.58757E+00
  2.63571E+01  1.08025E+02  7.92416E+00
  2.66207E+01  1.13607E+02  8.13852E+00
  2.68843E+01  1.18363E+02  8.31266E+00
  2.71479E+01  1.22188E+02  8.45081E+00
  2.74114E+01  1.26607E+02  8.67229E+00
  2.76750E+01  1.31433E+02  8.87293E+00
  2.79386E+01  1.33779E+02  8.99732E+00
  2.82021E+01  1.35907E+02  9.06545E+00
  2.84657E+01  1.34885E+02  9.26745E+00
  2.87293E+01  1.27656E+02  9.09590E+00
  2.89929E+01  1.17897E+02  8.68844E+00
  2.92564E+01  1.03440E+02  8.59201E+00
  2.95200E+01  8.73985E+01  8.18424E+00
  2.97836E+01  7.11757E+01  7.56444E+00
  3.00471E+01  6.04108E+01  7.18899E+00
  3.03107E+01  5.79075E+01  7.02187E+00
  3.05743E+01  5.41414E+01  6.99772E+00
  3.08379E+01  4.94914E+01  6.73229E+00
  3.11014E+01  4.38536E+01  6.57246E+00
  3.13650E+01  4.06660E+01  6.57032E+00
  3.16286E+01  4.10383E+01  6.64066E+00
  3.18921E+01  4.27345E+01  6.81027E+00
  3.21557E+01  4.41690E+01  7.00775E+00
  3.24193E+01  4.41990E+01  6.91875E+00
  3.26829E+01  4.27366E+01  6.89841E+00
  3.29464E+01  4.21557E+01  6.83550E+00
  3.32100E+01  4.18585E+01  7.01421E+00
  3.34736E+01  4.10266E+01  7.04504E+00
  3.37371E+01  4.11736E+01  7.01282E+00
  3.40007E+01  4.03123E+01  6.90998E+00
  3.42643E+01  4.01482E+01  6.74164E+00
  3.45279E+01  4.06675E+01  7.09555E+00
  3.47914E+01  4.09745E+01  7.38643E+00
  3.50550E+01  4.28076E+01  7.14411E+00
  3.53186E+01  4.34642E+01  7.24056E+00
  3.55821E+01  4.44519E+01  7.44011E+00
  3.58457E+01  4.42743E+01  7.35617E+00
  3.61093E+01  4.33096E+01  7.41191E+00
  3.63729E+01  4.47275E+01  7.48526E+00
  3.66364E+01  4.47694E+01  7.73723E+00
  3.69000E+01  4.47197E+01  7.80244E+00
  3.71636E+01  4.09710E+01  7.57435E+00
  3.74271E+01  4.15602E+01  7.55337E+00
  3.76907E+01  4.72967E+01  7.88567E+00
  3.79543E+01  5.52322E+01  8.25852E+00
  3.82179E+01  6.11379E+01  8.39851E+00
  3.84814E+01  6.19982E+01  8.75705E+00
  3.87450E+01  6.24121E+01  8.76326E+00
  3.90086E+01  6.02480E+01  8.75840E+00
  3.92721E+01  5.77926E+01  8.49167E+00
  3.95357E+01  5.69549E+01  8.69524E+00
  3.97993E+01  5.61478E+01  8.77425E+00
  4.00629E+01  5.47551E+01  8.60958E+00
  4.03264E+01  4.98486E+01  8.63541E+00
  4.05900E+01  4.75357E+01  8.56161E+00
  4.08536E+01  4.59133E+01  8.47056E+00
  4.11171E+01  4.57426E+01  8.15073E+00
  4.13807E+01  4.47735E+01  7.90958E+00
  4.16443E+01  4.52527E+01  7.85653E+00
  4.19079E+01  4.50051E+01  8.32562E+00
  4.21714E+01  4.56792E+01  8.42726E+00
  4.24350E+01  4.87491E+01  8.50827E+00
  4.26986E+01  5.06399E+01  8.57620E+00
  4.29621E+01  5.00716E+01  8.63454E+00
  4.32257E+01  4.41932E+01  8.73805E+00
  4.34893E+01  4.04333E+01  8.06017E+00
  4.37529E+01  3.95881E+01  7.92338E+00
  4.40164E+01  4.19758E+01  8.15611E+00
  4.42800E+01  4.53765E+01  8.39133E+00
  4.45436E+01  4.43161E+01  8.50922E+00
  4.48071E+01  3.86286E+01  8.16854E+00
  4.50707E+01  3.23819E+01  7.46325E+00
  4.53343E+01  2.99244E+01  7.48945E+00
  4.55979E+01  2.88799E+01  7.68178E+00
  4.58614E+01  2.72636E+01  7.21103E+00
  4.61250E+01  2.40089E+01  7.17084E+00
  4.63886E+01  2.30777E+01  7.06224E+00
  4.66521E+01  2.34523E+01  7.03182E+00
  4.69157E+01  2.22619E+01  7.19926E+00
  4.71793E+01  2.04241E+01  6.79697E+00
  4.74429E+01  2.00421E+01  6.67116E+00
  4.77064E+01  1.85709E+01  7.04366E+00
  4.79700E+01  1.58001E+01  6.48402E+00
  4.82336E+01  1.18446E+01  5.85582E+00
  4.84971E+01  1.12936E+01  6.25624E+00
  4.87607E+01  1.23045E+01  6.20601E+00
  4.90243E+01  1.14869E+01  6.14887E+00
  4.92879E+01  1.13588E+01  5.95055E+00
  4.95514E+01  1.11555E+01  6.27286E+00
  4.98150E+01  1.07965E+01  5.97354E+00
  5.00786E+01  9.99884E+00  5.93072E+00
  5.03421E+01  9.38634E+00  5.97449E+00
  5.06057E+01  8.75400E+00  5.85946E+00
  5.08693E+01  7.24987E+00  5.65151E+00
  5.11329E+01  4.96127E+00  5.56109E+00
  5.13964E+01  2.08544E+00  5.09463E+00
  5.16600E+01 -5.56337E-01  4.70941E+00
  5.19236E+01 -3.87693E-01  4.67625E+00
  5.21871E+01  1.58233E+00  5.17716E+00
  5.24507E+01  3.61558E+00  5.30154E+00
  5.27143E+01  4.19250E+00  5.41188E+00
  5.29779E+01  2.87858E+00  5.29021E+00
  5.32414E+01  2.97379E+00  4.95116E+00
  5.35050E+01  4.42144E+00  5.40452E+00
  5.37686E+01  6.19385E+00  5.75383E+00
  5.40321E+01  4.69485E+00  5.44604E+00
  5.42957E+01  1.62205E+00  4.85252E+00
  5.45593E+01  1.18617E+00  4.73460E+00
  5.48229E+01  2.84424E+00  5.27985E+00
  5.50864E+01  4.43655E+00  5.38877E+00
  5.53500E+01  3.64561E+00  5.24185E+00
  5.56136E+01  3.15472E+00  5.04210E+00
  5.58771E+01  2.67230E+00  5.19659E+00
  5.61407E+01  3.07314E+00  5.04852E+00
  5.64043E+01  3.17910E+00  5.15571E+00
  5.66679E+01  3.46378E+00  5.16887E+00
  5.69314E+01  3.81312E+00  5.16524E+00
  5.71950E+01  4.91205E+00  5.21526E+00
  5.74586E+01  5.96721E+00  5.57149E+00
  5.77221E+01  8.27745E+00  5.50158E+00
  5.79857E+01  9.46521E+00  6.00497E+00
  5.82493E+01  1.06506E+01  5.93167E+00
  5.85129E+01  9.22094E+00  5.86273E+00
  5.87764E+01  6.77526E+00  5.41996E+00
  5.90400E+01  6.63634E+00  5.08232E+00
  5.93036E+01  8.83097E+00  5.77714E+00
  5.95671E+01  9.88123E+00  6.09990E+00
  5.98307E+01  8.12899E+00  5.38496E+00
  6.00943E+01  5.46415E+00  5.09948E+00
  6.03579E+01  4.36162E+00  5.11705E+00
  6.06214E+01  4.49555E+00  4.86891E+00
  6.08850E+01  3.97525E+00  5.02096E+00
  6.11486E+01  4.56784E+00  4.89859E+00
  6.14121E+01  4.16229E+00  5.03621E+00
  6.16757E+01  4.04664E+00  4.80650E+00
  6.19393E+01  5.72367E+00  4.89473E+00
  6.22029E+01  8.26057E+00  5.65475E+00
  6.24664E+01  8.27939E+00  5.78814E+00
  6.27300E+01  6.22936E+00  4.78713E+00
  6.29936E+01  4.44620E+00  4.87881E+00
  6.32571E+01  4.12621E+00  4.97495E+00
  6.35207E+01  3.77554E+00  4.61022E+00
  6.37843E+01  3.42135E+00  4.55549E+00
  6.40479E+01  4.57908E+00  4.89478E+00
  6.43114E+01  4.89755E+00  5.01102E+00
  6.45750E+01  5.72655E+00  4.70973E+00
  6.48386E+01  7.68766E+00  5.31253E+00
  6.51021E+01  1.00079E+01  5.76530E+00
  6.53657E+01  1.13848E+01  5.78463E+00
  6.56293E+01  1.07332E+01  5.74337E+00
  6.58929E+01  1.07007E+01  5.65874E+00
