  0.00000E+00  1.67198E-02  0.00000E+00
  2.63500E-01  5.32192E-02  7.16392E-03
  5.27000E-01  1.40957E-01  2.07370E-02
  7.90500E-01  2.85962E-01  3.01496E-02
  1.05400E+00  4.97716E-01  3.91245E-02
  1.31750E+00  7.67820E-01  5.06193E-02
  1.58100E+00  1.07456E+00  6.52009E-02
  1.84450E+00  1.41515E+00  8.21777E-02
  2.10800E+00  1.74279E+00  1.05609E-01
  2.37150E+00  2.05729E+00  1.23965E-01
  2.63500E+00  2.38274E+00  1.47709E-01
  2.89850E+00  2.74452E+00  1.74854E-01
  3.16200E+00  3.21900E+00  2.06404E-01
  3.42550E+00  3.76803E+00  2.37595E-01
  3.68900E+00  4.29230E+00  2.69615E-01
  3.95250E+00  4.88472E+00  3.07823E-01
  4.21600E+00  5.55689E+00  3.50900E-01
  4.47950E+00  6.32732E+00  3.90286E-01
  4.74300E+00  7.15804E+00  4.34518E-01
  5.00650E+00  8.00882E+00  4.86407E-01
  5.27000E+00  8.92687E+00  5.22942E-01
  5.53350E+00  1.00049E+01  5.84134E-01
  5.79700E+00  1.10343E+01  6.61907E-01
  6.06050E+00  1.23258E+01  7.15957E-01
  6.32400E+00  1.36239E+01  7.89283E-01
  6.58750E+00  1.50824E+01  8.51109E-01
  6.85100E+00  1.69518E+01  9.12590E-01
  7.11450E+00  1.84173E+01  9.82923E-01
  7.37800E+00  1.96540E+01  1.05296E+00
  7.64150E+00  2.07435E+01  1.14745E+00
  7.90500E+00  2.22961E+01  1.22020E+00
  8.16850E+00  2.41787E+01  1.31477E+00
  8.43200E+00  2.59767E+01  1.38823E+00
  8.69550E+00  2.77909E+01  1.47533E+00
  8.95900E+00  3.02503E+01  1.56921E+00
  9.22250E+00  3.30439E+01  1.71259E+00
  9.48600E+00  3.56632E+01  1.81951E+00
  9.74950E+00  3.83959E+01  1.91764E+00
  1.00130E+01  4.08005E+01  2.06774E+00
  1.02765E+01  4.38877E+01  2.17024E+00
  1.05400E+01  4.74625E+01  2.29845E+00
  1.08035E+01  5.12932E+01  2.43048E+00
  1.10670E+01  5.54340E+01  2.53497E+00
  1.13305E+01  5.89394E+01  2.71362E+00
  1.15940E+01  6.22232E+01  2.86817E+00
  1.18575E+01  6.50793E+01  2.98524E+00
  1.21210E+01  6.87936E+01  3.13044E+00
  1.23845E+01  7.22954E+01  3.28315E+00
  1.26480E+01  7.52029E+01  3.36399E+00
  1.29115E+01  7.79233E+01  3.51452E+00
  1.31750E+01  7.94340E+01  3.57818E+00
  1.34385E+01  7.86048E+01  3.54254E+00
  1.37020E+01  7.53016E+01  3.62829E+00
  1.39655E+01  7.28728E+01  3.67515E+00
  1.42290E+01  7.35670E+01  3.65781E+00
  1.44925E+01  7.64855E+01  3.76938E+00
  1.47560E+01  7.90347E+01  3.94807E+00
  1.50195E+01  8.00524E+01  4.04955E+00
  1.52830E+01  8.05583E+01  4.15705E+00
  1.55465E+01  8.47414E+01  4.27682E+00
  1.58100E+01  9.20648E+01  4.49998E+00
  1.60735E+01  9.97847E+01  4.87800E+00
  1.63370E+01  1.07175E+02  5.05675E+00
  1.66005E+01  1.13295E+02  5.24626E+00
  1.68640E+01  1.20423E+02  5.49847E+00
  1.71275E+01  1.27763E+02  5.66298E+00
  1.73910E+01  1.33885E+02  5.89767E+00
  1.76545E+01  1.35347E+02  5.99006E+00
  1.79180E+01  1.31762E+02  6.11648E+00
  1.81815E+01  1.27302E+02  6.09370E+00
  1.84450E+01  1.20223E+02  5.97211E+00
  1.87085E+01  1.13559E+02  5.79581E+00
  1.89720E+01  1.09066E+02  5.87879E+00
  1.92355E+01  1.10177E+02  5.91343E+00
  1.94990E+01  1.13788E+02  5.99586E+00
  1.97625E+01  1.15012E+02  6.08615E+00
  2.00260E+01  1.15331E+02  6.21725E+00
  2.02895E+01  1.12316E+02  6.26206E+00
  2.05530E+01  1.08343E+02  6.22831E+00
  2.08165E+01  1.02516E+02  6.18733E+00
  2.10800E+01  9.85463E+01  6.22726E+00
  2.13435E+01  9.66829E+01  6.16871E+00
  2.16070E+01  9.25638E+01  6.12402E+00
  2.18705E+01  8.74056E+01  6.08888E+00
  2.21340E+01  8.08842E+01  5.97786E+00
  2.23975E+01  8.08874E+01  5.88195E+00
  2.26610E+01  8.70609E+01  6.17402E+00
  2.29245E+01  9.67479E+01  6.69941E+00
  2.31880E+01  1.08369E+02  7.07918E+00
  2.34515E+01  1.16266E+02  7.30004E+00
  2.37150E+01  1.18932E+02  7.54344E+00
  2.39785E+01  1.17730E+02  7.37982E+00
  2.42420E+01  1.15454E+02  7.52087E+00
  2.45055E+01  1.13182E+02  7.46399E+00
  2.47690E+01  1.10002E+02  7.39368E+00
  2.50325E+01  1.04983E+02  7.47904E+00
  2.52960E+01  1.00261E+02  7.44211E+00
  2.55595E+01  9.92302E+01  7.35607E+00
  2.58230E+01  1.01367E+02  7.59646E+00
  2.60865E+01  1.06933E+02  7.69848E+00
  2.63500E+01  1.12082E+02  7.74596E+00
  2.66135E+01  1.15181E+02  8.08690E+00
  2.68770E+01  1.16303E+02  8.18504E+00
  2.71405E+01  1.14611E+02  8.25983E+00
  2.74040E+01  1.19423E+02  8.40430E+00
  2.76675E+01  1.28000E+02  8.92915E+00
  2.79310E+01  1.34146E+02  9.22305E+00
  2.81945E+01  1.34159E+02  9.32593E+00
  2.84580E+01  1.33022E+02  9.16856E+00
  2.87215E+01  1.32742E+02  9.31625E+00
  2.89850E+01  1.26013E+02  9.24149E+00
  2.92485E+01  1.14771E+02  8.86847E+00
  2.95120E+01  1.00032E+02  8.57276E+00
  2.97755E+01  8.25348E+01  7.75656E+00
  3.00390E+01  6.59309E+01  7.14255E+00
  3.03025E+01  5.41029E+01  7.01932E+00
  3.05660E+01  5.00292E+01  6.83361E+00
  3.08295E+01  4.82485E+01  6.65069E+00
  3.10930E+01  4.42731E+01  6.65509E+00
  3.13565E+01  4.36347E+01  6.42378E+00
  3.16200E+01  4.47955E+01  6.54634E+00
  3.18835E+01  4.64866E+01  6.76822E+00
  3.21470E+01  4.68653E+01  6.84345E+00
  3.24105E+01  4.40955E+01  6.86992E+00
  3.26740E+01  4.24560E+01  6.56080E+00
  3.29375E+01  4.03631E+01  6.50987E+00
  3.32010E+01  4.02007E+01  6.62542E+00
  3.34645E+01  4.13800E+01  6.86165E+00
  3.37280E+01  4.39456E+01  7.05005E+00
  3.39915E+01  4.76556E+01  7.27513E+00
  3.42550E+01  4.64433E+01  7.18119E+00
  3.45185E+01  4.31679E+01  7.14160E+00
  3.47820E+01  4.01666E+01  6.96251E+00
  3.50455E+01  3.97929E+01  7.19000E+00
  3.53090E+01  4.04433E+01  7.34943E+00
  3.55725E+01  4.12091E+01  7.12800E+00
  3.58360E+01  4.37208E+01  7.50723E+00
  3.60995E+01  4.75525E+01  7.66383E+00
  3.63630E+01  4.59440E+01  7.67623E+00
  3.66265E+01  4.15768E+01  7.30884E+00
  3.68900E+01  3.85270E+01  7.16596E+00
  3.71535E+01  4.15647E+01  7.52761E+00
  3.74170E+01  4.85787E+01  7.86597E+00
  3.76805E+01  5.08340E+01  8.07227E+00
  3.79440E+01  5.07804E+01  8.00000E+00
  3.82075E+01  5.12140E+01  8.19835E+00
  3.84710E+01  5.53139E+01  8.16104E+00
  3.87345E+01  5.82516E+01  8.45673E+00
  3.89980E+01  5.70840E+01  8.48032E+00
  3.92615E+01  5.43575E+01  8.52338E+00
  3.95250E+01  5.29062E+01  8.43918E+00
  3.97885E+01  5.56406E+01  8.58867E+00
  4.00520E+01  5.87762E+01  8.79920E+00
  4.03155E+01  5.85830E+01  8.61269E+00
  4.05790E+01  5.82375E+01  8.55336E+00
  4.08425E+01  5.76920E+01  9.03521E+00
  4.11060E+01  5.84472E+01  8.92594E+00
  4.13695E+01  5.50984E+01  8.56544E+00
  4.16330E+01  4.77775E+01  8.37398E+00
  4.18965E+01  4.23922E+01  8.09581E+00
  4.21600E+01  4.38553E+01  8.10797E+00
  4.24235E+01  4.81706E+01  8.70468E+00
  4.26870E+01  5.09453E+01  8.74561E+00
  4.29505E+01  5.11647E+01  8.23378E+00
  4.32140E+01  4.93257E+01  8.35667E+00
  4.34775E+01  4.76808E+01  8.49420E+00
  4.37410E+01  4.42798E+01  8.17857E+00
  4.40045E+01  4.22306E+01  8.09003E+00
  4.42680E+01  4.03729E+01  8.06553E+00
  4.45315E+01  3.89327E+01  8.03857E+00
  4.47950E+01  3.75756E+01  8.01456E+00
  4.50585E+01  3.48318E+01  7.90426E+00
  4.53220E+01  3.27559E+01  7.48030E+00
  4.55855E+01  3.05849E+01  7.78044E+00
  4.58490E+01  2.91327E+01  7.42031E+00
  4.61125E+01  2.63972E+01  7.26607E+00
  4.63760E+01  2.28055E+01  7.19864E+00
  4.66395E+01  2.06829E+01  6.66377E+00
  4.69030E+01  1.80259E+01  6.84247E+00
  4.71665E+01  1.67587E+01  6.51636E+00
  4.74300E+01  1.61505E+01  6.45417E+00
  4.76935E+01  1.50410E+01  6.56766E+00
  4.79570E+01  1.39792E+01  6.31007E+00
  4.82205E+01  1.38804E+01  6.12419E+00
  4.84840E+01  1.37783E+01  6.57216E+00
  4.87475E+01  1.34368E+01  6.25401E+00
  4.90110E+01  1.18082E+01  6.00069E+00
  4.92745E+01  1.22023E+01  6.19558E+00
  4.95380E+01  1.39771E+01  6.37471E+00
  4.98015E+01  1.30484E+01  6.40130E+00
  5.00650E+01  1.07501E+01  5.93569E+00
  5.03285E+01  9.05278E+00  5.74859E+00
  5.05920E+01  9.12487E+00  5.97845E+00
  5.08555E+01  9.82841E+00  5.92751E+00
  5.11190E+01  8.01537E+00  5.90858E+00
  5.13825E+01  6.02454E+00  5.46031E+00
  5.16460E+01  4.36021E+00  5.30151E+00
  5.19095E+01  2.80510E+00  5.43816E+00
  5.21730E+01  1.66409E+00  4.84503E+00
  5.24365E+01  1.88382E+00  5.00579E+00
  5.27000E+01  2.30957E+00  5.42393E+00
  5.29635E+01  2.63077E+00  5.02922E+00
  5.32270E+01  2.76588E+00  5.03141E+00
  5.34905E+01  5.44316E+00  5.53761E+00
  5.37540E+01  7.52417E+00  5.87229E+00
  5.40175E+01  5.90380E+00  5.66118E+00
  5.42810E+01  4.28201E+00  4.97068E+00
  5.45445E+01  1.92484E+00  5.29978E+00
  5.48080E+01  1.74247E-01  4.77098E+00
  5.50715E+01 -1.80898E+00  4.19548E+00
  5.53350E+01 -4.97674E-01  4.49346E+00
  5.55985E+01  3.15238E+00  5.38443E+00
  5.58620E+01  4.64303E+00  5.42480E+00
  5.61255E+01  4.20071E+00  5.18540E+00
  5.63890E+01  2.58621E+00  5.08216E+00
  5.66525E+01  1.25213E+00  4.90442E+00
  5.69160E+01  3.09575E+00  4.56627E+00
  5.71795E+01  6.22462E+00  5.83056E+00
  5.74430E+01  7.81915E+00  5.85644E+00
  5.77065E+01  7.15869E+00  5.30522E+00
  5.79700E+01  6.95292E+00  5.40733E+00
  5.82335E+01  7.09988E+00  5.94543E+00
  5.84970E+01  6.90369E+00  5.04585E+00
  5.87605E+01  6.78110E+00  5.47813E+00
  5.90240E+01  8.92156E+00  5.73218E+00
  5.92875E+01  9.74223E+00  5.93926E+00
  5.95510E+01  7.31866E+00  5.50738E+00
  5.98145E+01  5.69524E+00  4.90887E+00
  6.00780E+01  3.26374E+00  5.16281E+00
  6.03415E+01  2.68188E+00  4.52192E+00
  6.06050E+01  1.97408E+00  4.50612E+00
  6.08685E+01  3.57372E+00  4.87599E+00
  6.11320E+01  6.69973E+00  5.23211E+00
  6.13955E+01  7.53328E+00  5.69575E+00
  6.16590E+01  7.45746E+00  5.28040E+00
  6.19225E+01  7.15872E+00  5.08888E+00
  6.21860E+01  7.39542E+00  5.71675E+00
  6.24495E+01  9.26374E+00  5.20079E+00
  6.27130E+01  7.92895E+00  5.93716E+00
  6.29765E+01  6.73046E+00  4.89735E+00
  6.32400E+01  6.09162E+00  4.91583E+00
  6.35035E+01  6.05401E+00  5.44784E+00
  6.37670E+01  6.24223E+00  4.99607E+00
  6.40305E+01  4.93438E+00  4.79486E+00
  6.42940E+01  5.78051E+00  4.92576E+00
  6.45575E+01  7.63202E+00  5.40649E+00
  6.48210E+01  7.51696E+00  5.42363E+00
  6.50845E+01  6.65437E+00  4.93973E+00
  6.53480E+01  5.81807E+00  4.87760E+00
  6.56115E+01  7.60443E+00  5.20277E+00
  6.58750E+01  8.96773E+00  5.60189E+00
  6.61385E+01  9.97561E+00  5.55092E+00
