  0.00000E+00  1.40570E-02  0.00000E+00
  2.63500E-01  4.58841E-02  7.36079E-03
  5.27000E-01  1.44291E-01  1.97634E-02
  7.90500E-01  3.29398E-01  2.88788E-02
  1.05400E+00  5.82864E-01  3.76533E-02
  1.31750E+00  8.58384E-01  5.03927E-02
  1.58100E+00  1.12544E+00  6.55545E-02
  1.84450E+00  1.41096E+00  8.32092E-02
  2.10800E+00  1.76648E+00  1.01206E-01
  2.37150E+00  2.11503E+00  1.25692E-01
  2.63500E+00  2.45042E+00  1.46593E-01
  2.89850E+00  2.77925E+00  1.70124E-01
  3.16200E+00  3.21288E+00  2.01163E-01
  3.42550E+00  3.81188E+00  2.31791E-01
  3.68900E+00  4.40634E+00  2.68950E-01
  3.95250E+00  5.07491E+00  3.02409E-01
  4.21600E+00  5.84419E+00  3.42074E-01
  4.47950E+00  6.65190E+00  3.83864E-01
  4.74300E+00  7.44805E+00  4.29185E-01
  5.00650E+00  8.17315E+00  4.73850E-01
  5.27000E+00  9.01020E+00  5.29377E-01
  5.53350E+00  1.01316E+01  5.75182E-01
  5.79700E+00  1.12939E+01  6.27548E-01
  6.06050E+00  1.26113E+01  6.89124E-01
  6.32400E+00  1.37931E+01  7.53967E-01
  6.58750E+00  1.51785E+01  8.11546E-01
  6.85100E+00  1.64182E+01  8.91958E-01
  7.11450E+00  1.78776E+01  9.45686E-01
  7.37800E+00  1.93127E+01  1.04243E+00
  7.64150E+00  2.09376E+01  1.10364E+00
  7.90500E+00  2.28731E+01  1.18654E+00
  8.16850E+00  2.46632E+01  1.28316E+00
  8.43200E+00  2.65343E+01  1.36673E+00
  8.69550E+00  2.86418E+01  1.45450E+00
  8.95900E+00  3.05214E+01  1.58096E+00
  9.22250E+00  3.27483E+01  1.66046E+00
  9.48600E+00  3.53204E+01  1.70977E+00
  9.74950E+00  3.85306E+01  1.86769E+00
  1.00130E+01  4.17104E+01  1.98308E+00
  1.02765E+01  4.38300E+01  2.09522E+00
  1.05400E+01  4.70755E+01  2.17911E+00
  1.08035E+01  5.13208E+01  2.34405E+00
  1.10670E+01  5.67565E+01  2.47891E+00
  1.13305E+01  6.22880E+01  2.67248E+00
  1.15940E+01  6.65821E+01  2.85303E+00
  1.18575E+01  7.03480E+01  3.00139E+00
  1.21210E+01  7.52228E+01  3.08330E+00
  1.23845E+01  8.31723E+01  3.32036E+00
  1.26480E+01  9.30649E+01  3.53974E+00
  1.29115E+01  1.02320E+02  3.74506E+00
  1.31750E+01  1.09274E+02  3.95865E+00
  1.34385E+01  1.15461E+02  4.13572E+00
  1.37020E+01  1.21827E+02  4.33024E+00
  1.39655E+01  1.29526E+02  4.54453E+00
  1.42290E+01  1.35461E+02  4.75438E+00
  1.44925E+01  1.42428E+02  4.94040E+00
  1.47560E+01  1.46211E+02  5.21378E+00
  1.50195E+01  1.49023E+02  5.23475E+00
  1.52830E+01  1.46341E+02  5.20623E+00
  1.55465E+01  1.44531E+02  5.26338E+00
  1.58100E+01  1.43983E+02  5.42590E+00
  1.60735E+01  1.43056E+02  5.40814E+00
  1.63370E+01  1.41161E+02  5.40620E+00
  1.66005E+01  1.41129E+02  5.55175E+00
  1.68640E+01  1.44648E+02  5.81446E+00
  1.71275E+01  1.48743E+02  5.93813E+00
  1.73910E+01  1.49790E+02  6.10394E+00
  1.76545E+01  1.45876E+02  5.99098E+00
  1.79180E+01  1.39795E+02  5.81403E+00
  1.81815E+01  1.31787E+02  5.86482E+00
  1.84450E+01  1.26876E+02  5.85593E+00
  1.87085E+01  1.23933E+02  5.91440E+00
  1.89720E+01  1.23337E+02  5.97828E+00
  1.92355E+01  1.20666E+02  6.04896E+00
  1.94990E+01  1.18164E+02  6.06555E+00
  1.97625E+01  1.20201E+02  6.11206E+00
  2.00260E+01  1.28000E+02  6.37202E+00
  2.02895E+01  1.37734E+02  6.60971E+00
  2.05530E+01  1.45441E+02  6.88435E+00
  2.08165E+01  1.49493E+02  7.14300E+00
  2.10800E+01  1.49964E+02  7.12786E+00
  2.13435E+01  1.44710E+02  7.03173E+00
  2.16070E+01  1.37728E+02  6.98160E+00
  2.18705E+01  1.28443E+02  6.93696E+00
  2.21340E+01  1.24822E+02  6.76657E+00
  2.23975E+01  1.24583E+02  6.99027E+00
  2.26610E+01  1.26079E+02  7.07769E+00
  2.29245E+01  1.22729E+02  7.06548E+00
  2.31880E+01  1.20221E+02  7.08228E+00
  2.34515E+01  1.18364E+02  7.28103E+00
  2.37150E+01  1.17787E+02  7.29987E+00
  2.39785E+01  1.13227E+02  7.22693E+00
  2.42420E+01  1.07042E+02  7.14771E+00
  2.45055E+01  1.03981E+02  6.99313E+00
  2.47690E+01  1.05233E+02  7.25508E+00
  2.50325E+01  1.07311E+02  7.47020E+00
  2.52960E+01  1.07583E+02  7.36804E+00
  2.55595E+01  1.03901E+02  7.46458E+00
  2.58230E+01  1.02538E+02  7.48507E+00
  2.60865E+01  9.91430E+01  7.39948E+00
  2.63500E+01  9.74216E+01  7.35855E+00
  2.66135E+01  9.68655E+01  7.38138E+00
  2.68770E+01  9.64209E+01  7.65344E+00
  2.71405E+01  9.35749E+01  7.59283E+00
  2.74040E+01  9.01023E+01  7.52118E+00
  2.76675E+01  8.72790E+01  7.71079E+00
  2.79310E+01  8.70796E+01  7.57568E+00
  2.81945E+01  8.62714E+01  7.51347E+00
  2.84580E+01  8.77640E+01  7.45861E+00
  2.87215E+01  8.80512E+01  7.57281E+00
  2.89850E+01  8.21200E+01  7.59061E+00
  2.92485E+01  7.51153E+01  7.30934E+00
  2.95120E+01  7.26074E+01  7.50240E+00
  2.97755E+01  7.46364E+01  7.61572E+00
  3.00390E+01  7.23489E+01  7.35537E+00
  3.03025E+01  6.93793E+01  7.35745E+00
  3.05660E+01  6.86811E+01  7.66017E+00
  3.08295E+01  7.32691E+01  7.92996E+00
  3.10930E+01  7.54692E+01  7.82045E+00
  3.13565E+01  7.48882E+01  7.75950E+00
  3.16200E+01  6.86813E+01  7.68402E+00
  3.18835E+01  6.32600E+01  7.45825E+00
  3.21470E+01  6.02983E+01  7.59877E+00
  3.24105E+01  5.66328E+01  7.70580E+00
  3.26740E+01  5.42686E+01  7.41659E+00
  3.29375E+01  5.26226E+01  7.62324E+00
  3.32010E+01  5.82812E+01  7.77811E+00
  3.34645E+01  5.91468E+01  7.90800E+00
  3.37280E+01  5.82853E+01  7.69393E+00
  3.39915E+01  5.61530E+01  7.61817E+00
  3.42550E+01  5.64297E+01  7.80391E+00
  3.45185E+01  5.41535E+01  7.87536E+00
  3.47820E+01  5.07270E+01  7.61089E+00
  3.50455E+01  4.75400E+01  7.66757E+00
  3.53090E+01  4.80443E+01  7.53094E+00
  3.55725E+01  4.78268E+01  7.53318E+00
  3.58360E+01  4.92744E+01  7.60115E+00
  3.60995E+01  4.95835E+01  7.99122E+00
  3.63630E+01  4.85578E+01  7.60096E+00
  3.66265E+01  4.57014E+01  7.48093E+00
  3.68900E+01  3.77593E+01  7.50916E+00
  3.71535E+01  3.33550E+01  6.77572E+00
  3.74170E+01  2.91194E+01  6.82729E+00
  3.76805E+01  3.07213E+01  7.15939E+00
  3.79440E+01  3.06860E+01  7.18497E+00
  3.82075E+01  3.22417E+01  7.02237E+00
  3.84710E+01  3.43097E+01  7.31392E+00
  3.87345E+01  3.47844E+01  7.50607E+00
  3.89980E+01  3.12882E+01  7.11195E+00
  3.92615E+01  2.70043E+01  6.89278E+00
  3.95250E+01  2.46142E+01  6.70576E+00
  3.97885E+01  2.28295E+01  7.08550E+00
  4.00520E+01  1.86972E+01  6.66270E+00
  4.03155E+01  1.52784E+01  6.20124E+00
  4.05790E+01  1.54845E+01  6.29124E+00
  4.08425E+01  1.85930E+01  6.62115E+00
  4.11060E+01  1.93952E+01  6.46776E+00
  4.13695E+01  1.73487E+01  6.48351E+00
  4.16330E+01  1.93979E+01  6.25842E+00
  4.18965E+01  2.09700E+01  6.67257E+00
  4.21600E+01  1.91993E+01  6.62398E+00
  4.24235E+01  1.29316E+01  6.21508E+00
  4.26870E+01  1.19934E+01  6.00598E+00
  4.29505E+01  1.20460E+01  6.54408E+00
  4.32140E+01  1.18042E+01  6.12066E+00
  4.34775E+01  1.01883E+01  5.85628E+00
  4.37410E+01  1.13916E+01  6.51443E+00
  4.40045E+01  1.19855E+01  6.17192E+00
  4.42680E+01  1.14521E+01  5.71915E+00
  4.45315E+01  1.04397E+01  6.28556E+00
  4.47950E+01  1.02684E+01  6.00800E+00
  4.50585E+01  8.20068E+00  5.91262E+00
  4.53220E+01  8.37233E+00  5.69825E+00
  4.55855E+01  8.04767E+00  5.98625E+00
  4.58490E+01  9.34327E+00  5.86911E+00
  4.61125E+01  7.75119E+00  5.90158E+00
  4.63760E+01  6.35193E+00  5.62826E+00
  4.66395E+01  6.68506E+00  5.51937E+00
  4.69030E+01  8.03848E+00  5.96564E+00
  4.71665E+01  9.51596E+00  5.92429E+00
  4.74300E+01  8.91122E+00  5.81097E+00
  4.76935E+01  7.86445E+00  5.82570E+00
  4.79570E+01  5.43732E+00  5.60450E+00
  4.82205E+01  2.16473E+00  5.14943E+00
  4.84840E+01  1.36683E+00  4.89666E+00
  4.87475E+01  5.46391E+00  5.43761E+00
  4.90110E+01  6.07686E+00  6.07017E+00
  4.92745E+01  4.83191E+00  5.00170E+00
  4.95380E+01  1.48860E+00  5.02121E+00
  4.98015E+01  2.38447E+00  5.21528E+00
  5.00650E+01  3.64025E+00  5.19255E+00
  5.03285E+01  4.96826E+00  5.28875E+00
  5.05920E+01  5.13613E+00  5.56148E+00
  5.08555E+01  4.33573E+00  5.14339E+00
  5.11190E+01  3.00674E+00  5.03786E+00
  5.13825E+01  2.39119E+00  5.06882E+00
  5.16460E+01  2.55895E+00  4.95045E+00
  5.19095E+01  3.79387E+00  4.96475E+00
  5.21730E+01  3.65308E+00  5.41882E+00
  5.24365E+01  2.54965E+00  4.72493E+00
  5.27000E+01  2.52981E+00  4.64870E+00
  5.29635E+01  3.12740E+00  5.26278E+00
  5.32270E+01  5.57370E+00  4.99585E+00
  5.34905E+01  3.65031E+00  5.18291E+00
  5.37540E+01  2.67018E+00  4.71799E+00
  5.40175E+01  3.30068E+00  4.50181E+00
  5.42810E+01  4.86815E+00  5.42678E+00
  5.45445E+01  5.93289E+00  5.02838E+00
  5.48080E+01  4.04046E+00  4.91040E+00
  5.50715E+01  3.32795E+00  4.61274E+00
  5.53350E+01  4.20279E+00  4.89427E+00
  5.55985E+01  4.66669E+00  4.97159E+00
  5.58620E+01  4.86811E+00  4.83797E+00
  5.61255E+01  3.13088E+00  4.75917E+00
  5.63890E+01  1.80932E+00  4.34144E+00
  5.66525E+01  1.02336E+00  4.16793E+00
  5.69160E+01  1.44011E+00  4.44605E+00
  5.71795E+01  2.48012E+00  4.38096E+00
  5.74430E+01  2.41702E+00  4.52484E+00
  5.77065E+01  2.46701E+00  4.29755E+00
  5.79700E+01  2.95242E+00  4.38605E+00
  5.82335E+01  3.73531E+00  4.63161E+00
  5.84970E+01  3.22615E+00  4.51785E+00
  5.87605E+01  3.51118E+00  4.15310E+00
  5.90240E+01  3.99127E+00  4.64428E+00
  5.92875E+01  5.17370E+00  4.74810E+00
  5.95510E+01  4.28684E+00  4.42964E+00
  5.98145E+01  2.88445E+00  4.33878E+00
  6.00780E+01  5.15672E-01  3.88142E+00
  6.03415E+01  4.81526E-01  3.38081E+00
  6.06050E+01  1.24494E+00  4.11759E+00
  6.08685E+01  2.28517E+00  4.26389E+00
  6.11320E+01  2.10521E+00  3.68999E+00
  6.13955E+01  5.96876E-01  4.03311E+00
  6.16590E+01  2.26601E+00  3.42635E+00
  6.19225E+01  2.54636E+00  4.49645E+00
  6.21860E+01  3.00742E+00  3.97990E+00
  6.24495E+01  2.99744E+00  3.73589E+00
  6.27130E+01  3.65057E+00  4.39533E+00
  6.29765E+01  4.41590E+00  4.26691E+00
  6.32400E+01  3.77075E+00  4.05887E+00
  6.35035E+01  2.74166E+00  3.94744E+00
  6.37670E+01  2.39477E+00  3.82544E+00
  6.40305E+01  2.54335E+00  3.69509E+00
  6.42940E+01  3.59236E+00  4.09059E+00
  6.45575E+01  6.37460E+00  4.25629E+00
  6.48210E+01  7.00538E+00  5.05200E+00
  6.50845E+01  6.80818E+00  4.25149E+00
  6.53480E+01  6.00455E+00  4.24966E+00
  6.56115E+01  6.03338E+00  4.56803E+00
  6.58750E+01  5.78605E+00  4.35049E+00
  6.61385E+01  4.75214E+00  3.81811E+00
