  0.00000E+00  1.59703E-02  0.00000E+00
  2.63524E-01  5.63448E-02  7.19160E-03
  5.27048E-01  1.59538E-01  1.78962E-02
  7.90571E-01  3.15044E-01  2.60550E-02
  1.05410E+00  5.17348E-01  3.64289E-02
  1.31762E+00  7.68634E-01  5.01079E-02
  1.58114E+00  1.06119E+00  6.21916E-02
  1.84467E+00  1.37738E+00  7.71484E-02
  2.10819E+00  1.71566E+00  9.82695E-02
  2.37171E+00  2.07146E+00  1.23200E-01
  2.63524E+00  2.49034E+00  1.46465E-01
  2.89876E+00  2.84607E+00  1.74519E-01
  3.16229E+00  3.22336E+00  1.99523E-01
  3.42581E+00  3.71951E+00  2.34788E-01
  3.68933E+00  4.24741E+00  2.71292E-01
  3.95286E+00  4.98108E+00  3.05008E-01
  4.21638E+00  5.61129E+00  3.39739E-01
  4.47990E+00  6.23166E+00  3.87264E-01
  4.74343E+00  7.11956E+00  4.18388E-01
  5.00695E+00  8.18937E+00  4.80756E-01
  5.27048E+00  9.37740E+00  5.20807E-01
  5.53400E+00  1.01711E+01  5.86432E-01
  5.79752E+00  1.09985E+01  6.18463E-01
  6.06105E+00  1.22182E+01  6.97123E-01
  6.32457E+00  1.36715E+01  7.53877E-01
  6.58810E+00  1.51515E+01  8.38309E-01
  6.85162E+00  1.65913E+01  9.04008E-01
  7.11514E+00  1.78819E+01  9.66552E-01
  7.37867E+00  1.87955E+01  1.01919E+00
  7.64219E+00  1.96764E+01  1.09037E+00
  7.90571E+00  2.13876E+01  1.16872E+00
  8.16924E+00  2.40594E+01  1.25589E+00
  8.43276E+00  2.59976E+01  1.37680E+00
  8.69629E+00  2.78115E+01  1.41564E+00
  8.95981E+00  3.02359E+01  1.51385E+00
  9.22333E+00  3.31597E+01  1.63503E+00
  9.48686E+00  3.63666E+01  1.70268E+00
  9.75038E+00  3.91690E+01  1.87309E+00
  1.00139E+01  4.29332E+01  1.97842E+00
  1.02774E+01  4.68584E+01  2.12891E+00
  1.05410E+01  5.08021E+01  2.27500E+00
  1.08045E+01  5.54680E+01  2.36502E+00
  1.10680E+01  5.95825E+01  2.58116E+00
  1.13315E+01  6.37637E+01  2.70585E+00
  1.15950E+01  6.80924E+01  2.76836E+00
  1.18586E+01  7.20214E+01  2.97038E+00
  1.21221E+01  7.44586E+01  3.06643E+00
  1.23856E+01  7.72236E+01  3.23233E+00
  1.26491E+01  8.20361E+01  3.35530E+00
  1.29127E+01  8.70134E+01  3.58670E+00
  1.31762E+01  9.06112E+01  3.73132E+00
  1.34397E+01  9.29670E+01  3.77633E+00
  1.37032E+01  9.60049E+01  3.92151E+00
  1.39668E+01  9.81374E+01  4.03844E+00
  1.42303E+01  1.01331E+02  4.14420E+00
  1.44938E+01  1.05695E+02  4.32446E+00
  1.47573E+01  1.09536E+02  4.43427E+00
  1.50209E+01  1.12531E+02  4.54800E+00
  1.52844E+01  1.15712E+02  4.73792E+00
  1.55479E+01  1.20491E+02  4.81322E+00
  1.58114E+01  1.22111E+02  4.92549E+00
  1.60750E+01  1.21585E+02  5.07671E+00
  1.63385E+01  1.21418E+02  5.16172E+00
  1.66020E+01  1.25439E+02  5.34339E+00
  1.68655E+01  1.30783E+02  5.55715E+00
  1.71290E+01  1.35057E+02  5.72882E+00
  1.73926E+01  1.39230E+02  5.77788E+00
  1.76561E+01  1.38104E+02  6.00405E+00
  1.79196E+01  1.31959E+02  5.75297E+00
  1.81831E+01  1.22022E+02  5.72381E+00
  1.84467E+01  1.18385E+02  5.66915E+00
  1.87102E+01  1.16948E+02  5.87199E+00
  1.89737E+01  1.18117E+02  5.78855E+00
  1.92372E+01  1.17610E+02  5.94269E+00
  1.95008E+01  1.18327E+02  6.03224E+00
  1.97643E+01  1.19558E+02  5.94014E+00
  2.00278E+01  1.18741E+02  6.11340E+00
  2.02913E+01  1.22281E+02  6.25172E+00
  2.05549E+01  1.24896E+02  6.57547E+00
  2.08184E+01  1.26824E+02  6.48706E+00
  2.10819E+01  1.21855E+02  6.38917E+00
  2.13454E+01  1.12451E+02  6.40550E+00
  2.16090E+01  1.03443E+02  6.31010E+00
  2.18725E+01  9.83882E+01  6.10108E+00
  2.21360E+01  9.73398E+01  6.13584E+00
  2.23995E+01  1.02054E+02  6.38030E+00
  2.26630E+01  1.07810E+02  6.68646E+00
  2.29266E+01  1.11804E+02  6.76958E+00
  2.31901E+01  1.14362E+02  6.88704E+00
  2.34536E+01  1.15390E+02  7.10801E+00
  2.37171E+01  1.19223E+02  7.27707E+00
  2.39807E+01  1.20032E+02  7.33404E+00
  2.42442E+01  1.17706E+02  7.27146E+00
  2.45077E+01  1.08811E+02  7.27233E+00
  2.47712E+01  1.02660E+02  7.00910E+00
  2.50348E+01  1.03341E+02  7.12871E+00
  2.52983E+01  1.04365E+02  7.42578E+00
  2.55618E+01  1.02730E+02  7.17367E+00
  2.58253E+01  9.78399E+01  7.12481E+00
  2.60889E+01  9.80540E+01  7.36980E+00
  2.63524E+01  1.01272E+02  7.49366E+00
  2.66159E+01  1.05661E+02  7.58954E+00
  2.68794E+01  1.11814E+02  7.71824E+00
  2.71430E+01  1.14465E+02  7.97206E+00
  2.74065E+01  1.16176E+02  8.18734E+00
  2.76700E+01  1.14743E+02  8.16644E+00
  2.79335E+01  1.14039E+02  8.28425E+00
  2.81970E+01  1.11039E+02  8.26955E+00
  2.84606E+01  1.12208E+02  8.13236E+00
  2.87241E+01  1.10300E+02  8.21129E+00
  2.89876E+01  1.02806E+02  8.11448E+00
  2.92511E+01  9.05718E+01  7.57489E+00
  2.95147E+01  7.83274E+01  7.54002E+00
  2.97782E+01  7.40102E+01  7.33240E+00
  3.00417E+01  6.80767E+01  7.32072E+00
  3.03052E+01  6.34952E+01  6.98553E+00
  3.05688E+01  6.07073E+01  7.00899E+00
  3.08323E+01  6.04455E+01  7.01513E+00
  3.10958E+01  6.23955E+01  6.81804E+00
  3.13593E+01  6.09533E+01  6.98965E+00
  3.16229E+01  5.53945E+01  7.42026E+00
  3.18864E+01  5.37860E+01  6.97857E+00
  3.21499E+01  5.37940E+01  7.31125E+00
  3.24134E+01  5.64288E+01  7.23208E+00
  3.26770E+01  5.30306E+01  7.14487E+00
  3.29405E+01  4.80780E+01  7.12169E+00
  3.32040E+01  4.87508E+01  6.80932E+00
  3.34675E+01  4.91326E+01  7.35036E+00
  3.37310E+01  4.81997E+01  7.29672E+00
  3.39946E+01  4.51460E+01  6.95386E+00
  3.42581E+01  4.27388E+01  7.39148E+00
  3.45216E+01  4.16852E+01  7.07382E+00
  3.47851E+01  4.26407E+01  7.11799E+00
  3.50487E+01  4.75240E+01  7.08004E+00
  3.53122E+01  4.93958E+01  7.41837E+00
  3.55757E+01  4.97006E+01  7.18563E+00
  3.58392E+01  4.40969E+01  7.44306E+00
  3.61028E+01  4.47501E+01  7.01916E+00
  3.63663E+01  4.38140E+01  7.58305E+00
  3.66298E+01  4.60591E+01  7.61315E+00
  3.68933E+01  4.51868E+01  7.61592E+00
  3.71569E+01  4.18212E+01  7.38391E+00
  3.74204E+01  4.00834E+01  7.06941E+00
  3.76839E+01  4.02028E+01  7.38226E+00
  3.79474E+01  4.40409E+01  7.65662E+00
  3.82110E+01  4.42275E+01  7.91064E+00
  3.84745E+01  4.48726E+01  7.66557E+00
  3.87380E+01  4.43204E+01  7.78936E+00
  3.90015E+01  4.74349E+01  7.91353E+00
  3.92650E+01  4.45007E+01  7.96069E+00
  3.95286E+01  4.28106E+01  7.77735E+00
  3.97921E+01  4.09428E+01  7.60777E+00
  4.00556E+01  4.31574E+01  7.95353E+00
  4.03191E+01  4.41201E+01  7.71754E+00
  4.05827E+01  4.17706E+01  7.70716E+00
  4.08462E+01  3.57332E+01  7.37654E+00
  4.11097E+01  3.05123E+01  6.75072E+00
  4.13732E+01  2.93524E+01  7.01648E+00
  4.16368E+01  3.08005E+01  7.36272E+00
  4.19003E+01  3.11354E+01  7.05334E+00
  4.21638E+01  2.84603E+01  7.45270E+00
  4.24273E+01  3.22495E+01  6.79323E+00
  4.26909E+01  3.34839E+01  7.83627E+00
  4.29544E+01  3.60513E+01  7.03099E+00
  4.32179E+01  3.15519E+01  7.51584E+00
  4.34814E+01  3.17717E+01  7.15898E+00
  4.37450E+01  3.23970E+01  7.45746E+00
  4.40085E+01  3.02495E+01  7.63162E+00
  4.42720E+01  2.59666E+01  6.78806E+00
  4.45355E+01  2.32126E+01  6.95196E+00
  4.47990E+01  2.28008E+01  6.88356E+00
  4.50626E+01  2.18695E+01  6.72398E+00
  4.53261E+01  1.97551E+01  6.46698E+00
  4.55896E+01  1.71569E+01  6.77011E+00
  4.58531E+01  1.54473E+01  6.06646E+00
  4.61167E+01  1.20478E+01  6.14383E+00
  4.63802E+01  1.28555E+01  5.98348E+00
  4.66437E+01  1.30351E+01  6.22991E+00
  4.69072E+01  1.41560E+01  6.20399E+00
  4.71708E+01  1.36722E+01  6.19860E+00
  4.74343E+01  1.38965E+01  6.15170E+00
  4.76978E+01  1.17112E+01  6.20818E+00
  4.79613E+01  1.11790E+01  5.68566E+00
  4.82249E+01  1.10092E+01  6.01094E+00
  4.84884E+01  1.18750E+01  6.11590E+00
  4.87519E+01  1.09355E+01  5.93151E+00
  4.90154E+01  6.45894E+00  5.67330E+00
  4.92790E+01  5.22661E+00  5.00791E+00
  4.95425E+01  5.67009E+00  5.44391E+00
  4.98060E+01  1.01195E+01  5.89930E+00
  5.00695E+01  1.15478E+01  6.06457E+00
  5.03330E+01  1.11312E+01  5.97527E+00
  5.05966E+01  7.81539E+00  5.65070E+00
  5.08601E+01  3.78094E+00  5.20790E+00
  5.11236E+01  2.99844E+00  4.71196E+00
  5.13871E+01  5.56090E+00  5.37584E+00
  5.16507E+01  8.20087E+00  5.94894E+00
  5.19142E+01  7.27333E+00  5.44798E+00
  5.21777E+01  4.62740E+00  5.17957E+00
  5.24412E+01  3.95025E+00  5.04612E+00
  5.27048E+01  2.85334E+00  5.26037E+00
  5.29683E+01  2.65045E+00  4.68168E+00
  5.32318E+01  2.44565E+00  5.01943E+00
  5.34953E+01  3.03028E+00  5.04400E+00
  5.37589E+01  1.70422E+00  4.93350E+00
  5.40224E+01  5.86752E-01  4.38897E+00
  5.42859E+01  1.16088E+00  4.71965E+00
  5.45494E+01  2.93744E+00  4.97672E+00
  5.48130E+01  3.97741E+00  5.09963E+00
  5.50765E+01  5.66783E+00  4.97287E+00
  5.53400E+01  5.91996E+00  5.61170E+00
  5.56035E+01  4.99497E+00  5.03011E+00
  5.58670E+01  3.84909E+00  4.75836E+00
  5.61306E+01  2.78711E+00  5.02551E+00
  5.63941E+01  3.01521E+00  4.74399E+00
  5.66576E+01  1.98780E+00  4.61728E+00
  5.69211E+01  4.77416E+00  4.73948E+00
  5.71847E+01  6.51689E+00  5.58821E+00
  5.74482E+01  7.54800E+00  5.27416E+00
  5.77117E+01  6.44631E+00  5.08109E+00
  5.79752E+01  6.19808E+00  5.13270E+00
  5.82388E+01  5.91488E+00  5.20945E+00
  5.85023E+01  5.57934E+00  4.73783E+00
  5.87658E+01  3.78452E+00  5.14145E+00
  5.90293E+01  2.97066E+00  4.20637E+00
  5.92929E+01  3.80255E+00  4.57055E+00
  5.95564E+01  6.49552E+00  5.22532E+00
  5.98199E+01  8.63040E+00  5.39261E+00
  6.00834E+01  6.56890E+00  5.25955E+00
  6.03470E+01  3.34117E+00  4.47202E+00
  6.06105E+01  2.42100E+00  3.86610E+00
  6.08740E+01  4.87306E+00  4.92952E+00
  6.11375E+01  7.24960E+00  5.31008E+00
  6.14010E+01  8.26790E+00  4.97197E+00
  6.16646E+01  5.85203E+00  5.27331E+00
  6.19281E+01  5.24516E+00  4.25242E+00
  6.21916E+01  4.68264E+00  4.69542E+00
  6.24551E+01  6.37491E+00  4.92440E+00
  6.27187E+01  7.83712E+00  5.05360E+00
  6.29822E+01  6.57501E+00  5.11037E+00
  6.32457E+01  3.84509E+00  4.52109E+00
  6.35092E+01  1.84764E+00  3.45308E+00
  6.37728E+01  3.16492E+00  4.35761E+00
  6.40363E+01  5.65780E+00  4.83292E+00
  6.42998E+01  6.18327E+00  4.83213E+00
  6.45633E+01  4.39085E+00  4.53075E+00
  6.48269E+01  5.32033E+00  3.94254E+00
  6.50904E+01  5.12905E+00  5.16606E+00
  6.53539E+01  5.92512E+00  4.36299E+00
  6.56174E+01  3.25257E+00  4.29740E+00
  6.58810E+01  2.84445E+00  3.94169E+00
